bird_y, bottom_pipe_y, top_pipe_y, dist
355,565,397,333,0
360,565,397,331,0
365,565,397,329,0
371,565,397,327,0
377,565,397,325,0
383,565,397,323,0
389,565,397,321,0
395,565,397,319,0
402,565,397,317,0
409,565,397,315,0
416,565,397,313,0
423,565,397,311,0
430,565,397,309,0
438,565,397,307,0
446,565,397,305,0
454,565,397,303,0
462,565,397,301,0
470,565,397,299,0
479,565,397,297,0
470,565,397,295,1
462,565,397,293,0
455,565,397,291,0
449,565,397,289,0
444,565,397,287,0
440,565,397,285,0
437,565,397,283,0
435,565,397,281,0
434,565,397,279,0
434,565,397,277,0
435,565,397,275,0
437,565,397,273,0
440,565,397,271,0
444,565,397,269,0
449,565,397,267,0
440,565,397,265,1
432,565,397,263,0
425,565,397,261,0
419,565,397,259,0
414,565,397,257,0
410,565,397,255,0
407,565,397,253,0
405,565,397,251,0
404,565,397,249,0
404,565,397,247,0
405,565,397,245,0
407,565,397,243,0
410,565,397,241,0
414,565,397,239,0
419,565,397,237,0
425,565,397,235,0
432,565,397,233,0
437,565,397,231,0
442,565,397,229,0
447,565,397,227,0
453,565,397,225,0
459,565,397,223,0
465,565,397,221,0
471,565,397,219,0
462,565,397,217,1
454,565,397,215,0
447,565,397,213,0
441,565,397,211,0
436,565,397,209,0
432,565,397,207,0
429,565,397,205,0
427,565,397,203,0
426,565,397,201,0
426,565,397,199,0
427,565,397,197,0
429,565,397,195,0
432,565,397,193,0
436,565,397,191,0
441,565,397,189,0
447,565,397,187,0
454,565,397,185,0
459,565,397,183,0
464,565,397,181,0
469,565,397,179,0
475,565,397,177,0
481,565,397,175,0
487,565,397,173,0
493,565,397,171,0
499,565,397,169,0
506,565,397,167,0
513,565,397,165,0
520,565,397,163,0
527,565,397,161,0
535,565,397,159,0
526,565,397,157,1
518,565,397,155,0
511,565,397,153,0
505,565,397,151,0
500,565,397,149,0
496,565,397,147,0
493,565,397,145,0
491,565,397,143,0
490,565,397,141,0
490,565,397,139,0
491,565,397,137,0
493,565,397,135,0
496,565,397,133,0
500,565,397,131,0
491,565,397,129,1
483,565,397,127,0
476,565,397,125,0
470,565,397,123,0
465,565,397,121,0
461,565,397,119,0
458,565,397,117,0
456,565,397,115,0
455,565,397,113,0
455,565,397,111,0
446,565,397,109,1
438,565,397,107,0
431,565,397,105,0
425,565,397,103,0
420,565,397,101,0
416,565,397,99,0
413,565,397,97,0
411,565,397,95,0
410,565,397,93,0
410,565,397,91,0
411,565,397,89,0
413,565,397,87,0
416,565,397,85,0
420,565,397,83,0
425,565,397,81,0
431,565,397,79,0
438,565,397,77,0
443,565,397,75,0
448,565,397,73,0
453,565,397,71,0
459,565,397,69,0
465,565,397,67,0
471,565,397,65,0
462,565,397,63,1
454,565,397,61,0
447,565,397,59,0
441,565,397,57,0
436,565,397,55,0
432,565,397,53,0
429,565,397,51,0
427,565,397,49,0
426,565,397,47,0
426,565,397,45,0
427,565,397,43,0
429,565,397,41,0
432,565,397,39,0
436,565,397,37,0
441,565,397,35,0
447,565,397,33,0
454,565,397,31,0
459,565,397,29,0
464,565,397,27,0
469,565,397,25,0
475,565,397,23,0
481,565,397,21,0
487,565,397,19,0
493,565,397,17,0
484,565,397,15,1
476,565,397,13,0
469,565,397,11,0
463,565,397,9,0
458,565,397,7,0
454,565,397,5,0
451,565,397,3,0
449,565,397,1,0
448,565,397,0,0
448,565,397,0,0
449,565,397,0,0
451,565,397,0,0
454,565,397,0,0
458,565,397,0,0
463,565,397,0,0
469,565,397,0,0
476,565,397,0,0
481,565,397,0,0
486,565,397,0,0
491,565,397,0,0
482,565,397,0,1
474,565,397,0,0
467,565,397,0,0
461,565,397,0,0
456,565,397,0,0
452,565,397,0,0
449,565,397,0,0
447,565,397,0,0
446,565,397,0,0
446,565,397,0,0
447,565,397,0,0
449,565,397,0,0
452,565,397,0,0
456,565,397,0,0
461,565,397,0,0
467,565,397,0,0
474,565,397,0,0
479,565,397,0,0
484,565,397,0,0
475,565,397,0,1
467,565,397,0,0
460,565,397,0,0
454,565,397,0,0
449,565,397,0,0
445,565,397,0,0
442,565,397,0,0
440,565,397,0,0
439,565,397,0,0
439,565,397,0,0
440,565,397,0,0
442,565,397,0,0
445,565,397,0,0
449,565,397,0,0
454,565,397,0,0
460,565,397,0,0
467,565,397,0,0
472,565,397,0,0
478,565,397,0,0
483,565,397,0,0
489,565,397,0,0
480,565,397,0,1
472,565,397,0,0
465,565,397,0,0
459,565,397,0,0
454,565,397,0,0
450,565,397,0,0
447,565,397,0,0
445,565,397,0,0
444,565,397,0,0
444,565,397,0,0
445,565,397,0,0
447,565,397,0,0
450,565,397,0,0
454,565,397,0,0
459,565,397,0,0
465,565,397,0,0
472,565,397,0,0
477,565,397,0,0
468,565,397,0,1
460,565,397,0,0
453,565,397,0,0
447,563,395,103,0
442,563,395,101,0
438,563,395,99,0
435,563,395,97,0
433,563,395,95,0
432,563,395,93,0
432,563,395,91,0
433,563,395,89,0
435,563,395,87,0
438,563,395,85,0
442,563,395,83,0
447,563,395,81,0
453,563,395,79,0
460,563,395,77,0
465,563,395,75,0
470,563,395,73,0
475,563,395,71,0
466,563,395,69,1
458,563,395,67,0
451,563,395,65,0
445,563,395,63,0
440,563,395,61,0
436,563,395,59,0
433,563,395,57,0
431,563,395,55,0
430,563,395,53,0
430,563,395,51,0
431,563,395,49,0
433,563,395,47,0
436,563,395,45,0
440,563,395,43,0
445,563,395,41,0
451,563,395,39,0
458,563,395,37,0
463,563,395,35,0
468,563,395,33,0
474,563,395,31,0
479,563,395,29,0
485,563,395,27,0
476,563,395,25,1
468,563,395,23,0
461,563,395,21,0
455,563,395,19,0
450,563,395,17,0
446,563,395,15,0
443,563,395,13,0
441,563,395,11,0
440,563,395,9,0
440,563,395,7,0
441,563,395,5,0
443,563,395,3,0
446,563,395,1,0
450,563,395,0,0
455,563,395,0,0
461,563,395,0,0
468,563,395,0,0
473,563,395,0,0
464,563,395,0,1
456,563,395,0,0
449,563,395,0,0
443,563,395,0,0
438,563,395,0,0
434,563,395,0,0
431,563,395,0,0
429,563,395,0,0
428,563,395,0,0
428,563,395,0,0
429,563,395,0,0
431,563,395,0,0
434,563,395,0,0
438,563,395,0,0
443,563,395,0,0
449,563,395,0,0
456,563,395,0,0
461,563,395,0,0
466,563,395,0,0
472,563,395,0,0
463,563,395,0,1
455,563,395,0,0
448,563,395,0,0
442,563,395,0,0
437,563,395,0,0
433,563,395,0,0
430,563,395,0,0
428,563,395,0,0
427,563,395,0,0
427,563,395,0,0
428,563,395,0,0
430,563,395,0,0
433,563,395,0,0
437,563,395,0,0
442,563,395,0,0
448,563,395,0,0
455,563,395,0,0
460,563,395,0,0
465,563,395,0,0
470,563,395,0,0
461,563,395,0,1
453,563,395,0,0
446,563,395,0,0
440,563,395,0,0
435,563,395,0,0
431,563,395,0,0
428,563,395,0,0
426,563,395,0,0
425,563,395,0,0
425,563,395,0,0
426,563,395,0,0
428,563,395,0,0
431,563,395,0,0
435,563,395,0,0
440,563,395,0,0
446,563,395,0,0
453,563,395,0,0
458,563,395,0,0
464,563,395,0,0
469,563,395,0,0
460,563,395,0,1
452,563,395,0,0
445,563,395,0,0
439,563,395,0,0
434,563,395,0,0
430,563,395,0,0
427,563,395,0,0
425,563,395,0,0
424,577,409,85,0
424,577,409,83,0
425,577,409,81,0
427,577,409,79,0
430,577,409,77,0
434,577,409,75,0
439,577,409,73,0
445,577,409,71,0
452,577,409,69,0
457,577,409,67,0
462,577,409,65,0
468,577,409,63,0
473,577,409,61,0
479,577,409,59,0
485,577,409,57,0
476,577,409,55,1
468,577,409,53,0
461,577,409,51,0
455,577,409,49,0
450,577,409,47,0
446,577,409,45,0
443,577,409,43,0
441,577,409,41,0
440,577,409,39,0
440,577,409,37,0
441,577,409,35,0
443,577,409,33,0
446,577,409,31,0
450,577,409,29,0
455,577,409,27,0
461,577,409,25,0
468,577,409,23,0
473,577,409,21,0
478,577,409,19,0
484,577,409,17,0
489,577,409,15,0
495,577,409,13,0
486,577,409,11,1
478,577,409,9,0
471,577,409,7,0
465,577,409,5,0
460,577,409,3,0
456,577,409,1,0
453,577,409,0,0
451,577,409,0,0
450,577,409,0,0
450,577,409,0,0
451,577,409,0,0
453,577,409,0,0
456,577,409,0,0
460,577,409,0,0
465,577,409,0,0
471,577,409,0,0
478,577,409,0,0
483,577,409,0,0
488,577,409,0,0
494,577,409,0,0
485,577,409,0,1
477,577,409,0,0
470,577,409,0,0
464,577,409,0,0
459,577,409,0,0
455,577,409,0,0
452,577,409,0,0
450,577,409,0,0
449,577,409,0,0
449,577,409,0,0
450,577,409,0,0
452,577,409,0,0
455,577,409,0,0
459,577,409,0,0
464,577,409,0,0
470,577,409,0,0
477,577,409,0,0
482,577,409,0,0
487,577,409,0,0
492,577,409,0,0
498,577,409,0,0
504,577,409,0,0
495,577,409,0,1
487,577,409,0,0
480,577,409,0,0
474,577,409,0,0
469,577,409,0,0
465,577,409,0,0
462,577,409,0,0
460,577,409,0,0
459,577,409,0,0
459,577,409,0,0
460,577,409,0,0
462,577,409,0,0
465,577,409,0,0
469,577,409,0,0
474,577,409,0,0
480,577,409,0,0
487,577,409,0,0
492,577,409,0,0
497,577,409,0,0
488,577,409,0,1
480,577,409,0,0
473,577,409,0,0
467,577,409,0,0
462,577,409,0,0
458,577,409,0,0
455,577,409,0,0
453,577,409,0,0
452,577,409,0,0
452,577,409,0,0
453,577,409,0,0
455,577,409,0,0
458,577,409,0,0
462,577,409,0,0
467,577,409,0,0
473,577,409,0,0
464,577,409,0,1
456,577,409,0,0
449,556,388,103,0
443,556,388,101,0
438,556,388,99,0
434,556,388,97,0
431,556,388,95,0
429,556,388,93,0
428,556,388,91,0
428,556,388,89,0
429,556,388,87,0
431,556,388,85,0
422,556,388,83,1
414,556,388,81,0
407,556,388,79,0
401,556,388,77,0
396,556,388,75,0
392,556,388,73,0
389,556,388,71,0
387,556,388,69,0
386,556,388,67,0
386,556,388,65,0
387,556,388,63,0
389,556,388,61,0
392,556,388,59,0
396,556,388,57,0
401,556,388,55,0
407,556,388,53,0
414,556,388,51,0
419,556,388,49,0
424,556,388,47,0
429,556,388,45,0
435,556,388,43,0
441,556,388,41,0
447,556,388,39,0
453,556,388,37,0
459,556,388,35,0
450,556,388,33,1
442,556,388,31,0
435,556,388,29,0
429,556,388,27,0
424,556,388,25,0
420,556,388,23,0
417,556,388,21,0
415,556,388,19,0
414,556,388,17,0
414,556,388,15,0
415,556,388,13,0
417,556,388,11,0
420,556,388,9,0
424,556,388,7,0
429,556,388,5,0
435,556,388,3,0
442,556,388,1,0
447,556,388,0,0
453,556,388,0,0
458,556,388,0,0
464,556,388,0,0
455,556,388,0,1
447,556,388,0,0
440,556,388,0,0
434,556,388,0,0
429,556,388,0,0
425,556,388,0,0
422,556,388,0,0
420,556,388,0,0
419,556,388,0,0
419,556,388,0,0
420,556,388,0,0
422,556,388,0,0
425,556,388,0,0
429,556,388,0,0
434,556,388,0,0
440,556,388,0,0
447,556,388,0,0
452,556,388,0,0
457,556,388,0,0
462,556,388,0,0
468,556,388,0,0
474,556,388,0,0
480,556,388,0,0
471,556,388,0,1
463,556,388,0,0
456,556,388,0,0
450,556,388,0,0
445,556,388,0,0
441,556,388,0,0
438,556,388,0,0
436,556,388,0,0
435,556,388,0,0
435,556,388,0,0
436,556,388,0,0
438,556,388,0,0
441,556,388,0,0
445,556,388,0,0
450,556,388,0,0
456,556,388,0,0
463,556,388,0,0
468,556,388,0,0
473,556,388,0,0
464,556,388,0,1
456,556,388,0,0
449,556,388,0,0
443,556,388,0,0
438,556,388,0,0
434,556,388,0,0
431,556,388,0,0
429,556,388,0,0
428,556,388,0,0
428,556,388,0,0
429,556,388,0,0
431,556,388,0,0
434,556,388,0,0
438,556,388,0,0
443,556,388,0,0
449,556,388,0,0
456,556,388,0,0
461,556,388,0,0
466,556,388,0,0
471,556,388,0,0
477,556,388,0,0
483,556,388,0,0
489,556,388,0,0
495,556,388,0,0
501,556,388,0,0
508,556,388,0,0
515,556,388,0,0
506,584,416,85,1
498,584,416,83,0
491,584,416,81,0
485,584,416,79,0
480,584,416,77,0
476,584,416,75,0
473,584,416,73,0
471,584,416,71,0
470,584,416,69,0
470,584,416,67,0
471,584,416,65,0
473,584,416,63,0
476,584,416,61,0
480,584,416,59,0
485,584,416,57,0
491,584,416,55,0
498,584,416,53,0
503,584,416,51,0
508,584,416,49,0
513,584,416,47,0
519,584,416,45,0
525,584,416,43,0
516,584,416,41,1
508,584,416,39,0
501,584,416,37,0
495,584,416,35,0
490,584,416,33,0
486,584,416,31,0
483,584,416,29,0
481,584,416,27,0
480,584,416,25,0
480,584,416,23,0
481,584,416,21,0
483,584,416,19,0
486,584,416,17,0
490,584,416,15,0
495,584,416,13,0
501,584,416,11,0
508,584,416,9,0
513,584,416,7,0
518,584,416,5,0
509,584,416,3,1
501,584,416,1,0
494,584,416,0,0
488,584,416,0,0
483,584,416,0,0
479,584,416,0,0
476,584,416,0,0
474,584,416,0,0
473,584,416,0,0
473,584,416,0,0
474,584,416,0,0
476,584,416,0,0
479,584,416,0,0
483,584,416,0,0
488,584,416,0,0
494,584,416,0,0
501,584,416,0,0
492,584,416,0,1
484,584,416,0,0
477,584,416,0,0
471,584,416,0,0
466,584,416,0,0
462,584,416,0,0
459,584,416,0,0
457,584,416,0,0
456,584,416,0,0
456,584,416,0,0
457,584,416,0,0
459,584,416,0,0
462,584,416,0,0
466,584,416,0,0
471,584,416,0,0
477,584,416,0,0
484,584,416,0,0
489,584,416,0,0
494,584,416,0,0
485,584,416,0,1
477,584,416,0,0
470,584,416,0,0
464,584,416,0,0
459,584,416,0,0
455,584,416,0,0
452,584,416,0,0
450,584,416,0,0
449,584,416,0,0
449,584,416,0,0
450,584,416,0,0
452,584,416,0,0
455,584,416,0,0
459,584,416,0,0
464,584,416,0,0
470,584,416,0,0
477,584,416,0,0
482,584,416,0,0
487,584,416,0,0
493,584,416,0,0
484,584,416,0,1
476,584,416,0,0
469,584,416,0,0
463,584,416,0,0
458,584,416,0,0
454,584,416,0,0
451,584,416,0,0
449,584,416,0,0
448,584,416,0,0
448,584,416,0,0
449,584,416,0,0
451,584,416,0,0
442,584,416,0,1
434,584,416,0,0
427,584,416,0,0
421,584,416,0,0
416,584,416,0,0
412,584,416,0,0
409,584,416,0,0
407,540,372,103,0
406,540,372,101,0
406,540,372,99,0
407,540,372,97,0
409,540,372,95,0
412,540,372,93,0
416,540,372,91,0
421,540,372,89,0
427,540,372,87,0
434,540,372,85,0
439,540,372,83,0
444,540,372,81,0
435,540,372,79,1
427,540,372,77,0
420,540,372,75,0
414,540,372,73,0
409,540,372,71,0
405,540,372,69,0
402,540,372,67,0
400,540,372,65,0
399,540,372,63,0
399,540,372,61,0
400,540,372,59,0
402,540,372,57,0
405,540,372,55,0
409,540,372,53,0
414,540,372,51,0
420,540,372,49,0
427,540,372,47,0
432,540,372,45,0
437,540,372,43,0
443,540,372,41,0
448,540,372,39,0
454,540,372,37,0
460,540,372,35,0
466,540,372,33,0
457,540,372,31,1
449,540,372,29,0
442,540,372,27,0
436,540,372,25,0
431,540,372,23,0
427,540,372,21,0
424,540,372,19,0
422,540,372,17,0
421,540,372,15,0
421,540,372,13,0
422,540,372,11,0
424,540,372,9,0
427,540,372,7,0
431,540,372,5,0
436,540,372,3,0
442,540,372,1,0
449,540,372,0,0
454,540,372,0,0
445,540,372,0,1
437,540,372,0,0
430,540,372,0,0
424,540,372,0,0
419,540,372,0,0
415,540,372,0,0
412,540,372,0,0
410,540,372,0,0
409,540,372,0,0
409,540,372,0,0
410,540,372,0,0
412,540,372,0,0
415,540,372,0,0
419,540,372,0,0
424,540,372,0,0
430,540,372,0,0
437,540,372,0,0
442,540,372,0,0
447,540,372,0,0
453,540,372,0,0
458,540,372,0,0
464,540,372,0,0
455,540,372,0,1
447,540,372,0,0
440,540,372,0,0
434,540,372,0,0
429,540,372,0,0
425,540,372,0,0
422,540,372,0,0
420,540,372,0,0
419,540,372,0,0
419,540,372,0,0
420,540,372,0,0
422,540,372,0,0
425,540,372,0,0
429,540,372,0,0
434,540,372,0,0
440,540,372,0,0
447,540,372,0,0
452,540,372,0,0
457,540,372,0,0
463,540,372,0,0
468,540,372,0,0
474,540,372,0,0
480,540,372,0,0
486,540,372,0,0
493,540,372,0,0
499,540,372,0,0
506,540,372,0,0
513,540,372,0,0
520,540,372,0,0
528,540,372,0,0
535,540,372,0,0
543,540,372,0,0
534,540,372,0,1
526,540,372,0,0
519,540,372,0,0
513,540,372,0,0
508,540,372,0,0
504,540,372,0,0
501,540,372,0,0
499,540,372,0,0
498,540,372,0,0
498,540,372,0,0
499,540,372,0,0
501,540,372,0,0
504,540,372,0,0
508,540,372,0,0
513,540,372,0,0
504,540,372,0,1
496,540,372,0,0
489,602,434,85,0
483,602,434,83,0
478,602,434,81,0
474,602,434,79,0
471,602,434,77,0
469,602,434,75,0
468,602,434,73,0
468,602,434,71,0
469,602,434,69,0
471,602,434,67,0
474,602,434,65,0
478,602,434,63,0
483,602,434,61,0
489,602,434,59,0
496,602,434,57,0
487,602,434,55,1
479,602,434,53,0
472,602,434,51,0
466,602,434,49,0
461,602,434,47,0
457,602,434,45,0
454,602,434,43,0
452,602,434,41,0
451,602,434,39,0
451,602,434,37,0
452,602,434,35,0
454,602,434,33,0
457,602,434,31,0
461,602,434,29,0
466,602,434,27,0
472,602,434,25,0
479,602,434,23,0
484,602,434,21,0
489,602,434,19,0
495,602,434,17,0
500,602,434,15,0
506,602,434,13,0
512,602,434,11,0
518,602,434,9,0
525,602,434,7,0
531,602,434,5,0
522,602,434,3,1
514,602,434,1,0
507,602,434,0,0
501,602,434,0,0
496,602,434,0,0
492,602,434,0,0
489,602,434,0,0
487,602,434,0,0
486,602,434,0,0
486,602,434,0,0
487,602,434,0,0
489,602,434,0,0
492,602,434,0,0
496,602,434,0,0
501,602,434,0,0
507,602,434,0,0
514,602,434,0,0
519,602,434,0,0
525,602,434,0,0
516,602,434,0,1
508,602,434,0,0
501,602,434,0,0
495,602,434,0,0
490,602,434,0,0
486,602,434,0,0
483,602,434,0,0
481,602,434,0,0
480,602,434,0,0
480,602,434,0,0
481,602,434,0,0
483,602,434,0,0
486,602,434,0,0
490,602,434,0,0
495,602,434,0,0
501,602,434,0,0
508,602,434,0,0
513,602,434,0,0
518,602,434,0,0
523,602,434,0,0
514,602,434,0,1
506,602,434,0,0
499,602,434,0,0
493,602,434,0,0
488,602,434,0,0
484,602,434,0,0
481,602,434,0,0
479,602,434,0,0
478,602,434,0,0
478,602,434,0,0
479,602,434,0,0
481,602,434,0,0
484,602,434,0,0
488,602,434,0,0
493,602,434,0,0
499,602,434,0,0
506,602,434,0,0
511,602,434,0,0
516,602,434,0,0
507,602,434,0,1
499,602,434,0,0
492,602,434,0,0
486,602,434,0,0
481,602,434,0,0
477,602,434,0,0
474,602,434,0,0
472,602,434,0,0
471,602,434,0,0
471,602,434,0,0
472,602,434,0,0
474,602,434,0,0
477,602,434,0,0
481,602,434,0,0
486,602,434,0,0
492,602,434,0,0
499,602,434,0,0
504,568,400,103,0
510,568,400,101,0
501,568,400,99,1
493,568,400,97,0
486,568,400,95,0
480,568,400,93,0
475,568,400,91,0
471,568,400,89,0
468,568,400,87,0
466,568,400,85,0
465,568,400,83,0
465,568,400,81,0
466,568,400,79,0
468,568,400,77,0
471,568,400,75,0
475,568,400,73,0
480,568,400,71,0
486,568,400,69,0
493,568,400,67,0
484,568,400,65,1
476,568,400,63,0
469,568,400,61,0
463,568,400,59,0
458,568,400,57,0
454,568,400,55,0
451,568,400,53,0
449,568,400,51,0
448,568,400,49,0
448,568,400,47,0
449,568,400,45,0
451,568,400,43,0
454,568,400,41,0
458,568,400,39,0
463,568,400,37,0
469,568,400,35,0
476,568,400,33,0
481,568,400,31,0
472,568,400,29,1
464,568,400,27,0
457,568,400,25,0
451,568,400,23,0
446,568,400,21,0
442,568,400,19,0
439,568,400,17,0
437,568,400,15,0
436,568,400,13,0
436,568,400,11,0
437,568,400,9,0
439,568,400,7,0
442,568,400,5,0
446,568,400,3,0
451,568,400,1,0
457,568,400,0,0
464,568,400,0,0
455,568,400,0,1
447,568,400,0,0
440,568,400,0,0
434,568,400,0,0
429,568,400,0,0
425,568,400,0,0
422,568,400,0,0
420,568,400,0,0
419,568,400,0,0
419,568,400,0,0
420,568,400,0,0
422,568,400,0,0
425,568,400,0,0
429,568,400,0,0
434,568,400,0,0
440,568,400,0,0
447,568,400,0,0
452,568,400,0,0
457,568,400,0,0
462,568,400,0,0
468,568,400,0,0
474,568,400,0,0
465,568,400,0,1
457,568,400,0,0
450,568,400,0,0
444,568,400,0,0
439,568,400,0,0
435,568,400,0,0
432,568,400,0,0
430,568,400,0,0
429,568,400,0,0
429,568,400,0,0
430,568,400,0,0
432,568,400,0,0
435,568,400,0,0
439,568,400,0,0
444,568,400,0,0
450,568,400,0,0
457,568,400,0,0
462,568,400,0,0
467,568,400,0,0
472,568,400,0,0
478,568,400,0,0
484,568,400,0,0
490,568,400,0,0
496,568,400,0,0
487,568,400,0,1
479,568,400,0,0
472,568,400,0,0
466,568,400,0,0
461,568,400,0,0
457,568,400,0,0
454,568,400,0,0
452,568,400,0,0
451,568,400,0,0
451,568,400,0,0
442,568,400,0,1
434,568,400,0,0
427,568,400,0,0
421,568,400,0,0
416,568,400,0,0
412,568,400,0,0
409,568,400,0,0
407,568,400,0,0
406,568,400,0,0
397,568,400,0,1
389,568,400,0,0
382,568,400,0,0
376,568,400,0,0
371,568,400,0,0
367,568,400,0,0
364,474,306,85,0
362,474,306,83,0
361,474,306,81,0
361,474,306,79,0
362,474,306,77,0
364,474,306,75,0
367,474,306,73,0
371,474,306,71,0
376,474,306,69,0
382,474,306,67,0
389,474,306,65,0
394,474,306,63,0
399,474,306,61,0
390,474,306,59,1
382,474,306,57,0
375,474,306,55,0
369,474,306,53,0
364,474,306,51,0
360,474,306,49,0
357,474,306,47,0
355,474,306,45,0
354,474,306,43,0
354,474,306,41,0
355,474,306,39,0
357,474,306,37,0
360,474,306,35,0
364,474,306,33,0
369,474,306,31,0
375,474,306,29,0
382,474,306,27,0
387,474,306,25,0
392,474,306,23,0
398,474,306,21,0
403,474,306,19,0
394,474,306,17,1
386,474,306,15,0
379,474,306,13,0
373,474,306,11,0
368,474,306,9,0
364,474,306,7,0
361,474,306,5,0
359,474,306,3,0
358,474,306,1,0
358,474,306,0,0
359,474,306,0,0
361,474,306,0,0
364,474,306,0,0
368,474,306,0,0
373,474,306,0,0
379,474,306,0,0
386,474,306,0,0
391,474,306,0,0
396,474,306,0,0
387,474,306,0,1
379,474,306,0,0
372,474,306,0,0
366,474,306,0,0
361,474,306,0,0
357,474,306,0,0
354,474,306,0,0
352,474,306,0,0
351,474,306,0,0
351,474,306,0,0
352,474,306,0,0
354,474,306,0,0
357,474,306,0,0
361,474,306,0,0
366,474,306,0,0
372,474,306,0,0
379,474,306,0,0
384,474,306,0,0
375,474,306,0,1
367,474,306,0,0
360,474,306,0,0
354,474,306,0,0
349,474,306,0,0
345,474,306,0,0
342,474,306,0,0
340,474,306,0,0
339,474,306,0,0
339,474,306,0,0
340,474,306,0,0
342,474,306,0,0
345,474,306,0,0
349,474,306,0,0
354,474,306,0,0
360,474,306,0,0
367,474,306,0,0
372,474,306,0,0
378,474,306,0,0
383,474,306,0,0
374,474,306,0,1
366,474,306,0,0
359,474,306,0,0
353,474,306,0,0
348,474,306,0,0
344,474,306,0,0
341,474,306,0,0
339,474,306,0,0
338,474,306,0,0
338,474,306,0,0
339,474,306,0,0
341,474,306,0,0
344,474,306,0,0
348,474,306,0,0
353,474,306,0,0
359,474,306,0,0
366,474,306,0,0
371,474,306,0,0
376,474,306,0,0
367,474,306,0,1
359,474,306,0,0
352,474,306,0,0
346,474,306,0,0
341,474,306,0,0
337,474,306,0,0
334,445,277,103,0
332,445,277,101,0
331,445,277,99,0
331,445,277,97,0
332,445,277,95,0
334,445,277,93,0
337,445,277,91,0
341,445,277,89,0
346,445,277,87,0
352,445,277,85,0
359,445,277,83,0
364,445,277,81,0
355,445,277,79,1
347,445,277,77,0
340,445,277,75,0
334,445,277,73,0
329,445,277,71,0
325,445,277,69,0
322,445,277,67,0
320,445,277,65,0
319,445,277,63,0
319,445,277,61,0
320,445,277,59,0
322,445,277,57,0
325,445,277,55,0
329,445,277,53,0
334,445,277,51,0
340,445,277,49,0
347,445,277,47,0
352,445,277,45,0
343,445,277,43,1
335,445,277,41,0
328,445,277,39,0
322,445,277,37,0
317,445,277,35,0
313,445,277,33,0
310,445,277,31,0
308,445,277,29,0
307,445,277,27,0
307,445,277,25,0
308,445,277,23,0
310,445,277,21,0
313,445,277,19,0
317,445,277,17,0
322,445,277,15,0
328,445,277,13,0
335,445,277,11,0
340,445,277,9,0
345,445,277,7,0
351,445,277,5,0
356,445,277,3,0
347,445,277,1,1
339,445,277,0,0
332,445,277,0,0
326,445,277,0,0
321,445,277,0,0
317,445,277,0,0
314,445,277,0,0
312,445,277,0,0
311,445,277,0,0
311,445,277,0,0
312,445,277,0,0
314,445,277,0,0
317,445,277,0,0
321,445,277,0,0
326,445,277,0,0
332,445,277,0,0
339,445,277,0,0
344,445,277,0,0
350,445,277,0,0
355,445,277,0,0
361,445,277,0,0
366,445,277,0,0
372,445,277,0,0
363,445,277,0,1
355,445,277,0,0
348,445,277,0,0
342,445,277,0,0
337,445,277,0,0
333,445,277,0,0
330,445,277,0,0
328,445,277,0,0
327,445,277,0,0
327,445,277,0,0
328,445,277,0,0
330,445,277,0,0
333,445,277,0,0
337,445,277,0,0
342,445,277,0,0
348,445,277,0,0
355,445,277,0,0
360,445,277,0,0
366,445,277,0,0
371,445,277,0,0
377,445,277,0,0
382,445,277,0,0
388,445,277,0,0
395,445,277,0,0
401,445,277,0,0
408,445,277,0,0
414,445,277,0,0
421,445,277,0,0
429,445,277,0,0
436,445,277,0,0
444,445,277,0,0
451,445,277,0,0
459,445,277,0,0
468,445,277,0,0
476,445,277,0,0
485,445,277,0,0
493,445,277,0,0
502,445,277,0,0
512,445,277,0,0
521,445,277,0,0
531,445,277,0,0
540,445,277,0,0
550,445,277,0,0
561,445,277,0,0
571,445,277,0,0
562,445,277,0,1
554,445,277,0,0
547,445,277,0,0
541,445,277,0,0
536,445,277,0,0
532,445,277,0,0
529,619,451,85,0
527,619,451,83,0
526,619,451,81,0
526,619,451,79,0
527,619,451,77,0
518,619,451,75,1
510,619,451,73,0
503,619,451,71,0
497,619,451,69,0
492,619,451,67,0
488,619,451,65,0
485,619,451,63,0
483,619,451,61,0
482,619,451,59,0
482,619,451,57,0
483,619,451,55,0
485,619,451,53,0
488,619,451,51,0
492,619,451,49,0
497,619,451,47,0
503,619,451,45,0
510,619,451,43,0
515,619,451,41,0
520,619,451,39,0
526,619,451,37,0
531,619,451,35,0
537,619,451,33,0
543,619,451,31,0
549,619,451,29,0
556,619,451,27,0
547,619,451,25,1
539,619,451,23,0
532,619,451,21,0
526,619,451,19,0
521,619,451,17,0
517,619,451,15,0
514,619,451,13,0
512,619,451,11,0
511,619,451,9,0
511,619,451,7,0
512,619,451,5,0
514,619,451,3,0
517,619,451,1,0
521,619,451,0,0
526,619,451,0,0
532,619,451,0,0
539,619,451,0,0
544,619,451,0,0
549,619,451,0,0
540,619,451,0,1
532,619,451,0,0
525,619,451,0,0
519,619,451,0,0
514,619,451,0,0
510,619,451,0,0
507,619,451,0,0
505,619,451,0,0
504,619,451,0,0
504,619,451,0,0
505,619,451,0,0
507,619,451,0,0
510,619,451,0,0
514,619,451,0,0
519,619,451,0,0
525,619,451,0,0
532,619,451,0,0
537,619,451,0,0
542,619,451,0,0
547,619,451,0,0
538,619,451,0,1
530,619,451,0,0
523,619,451,0,0
517,619,451,0,0
512,619,451,0,0
508,619,451,0,0
505,619,451,0,0
503,619,451,0,0
502,619,451,0,0
502,619,451,0,0
503,619,451,0,0
505,619,451,0,0
508,619,451,0,0
512,619,451,0,0
517,619,451,0,0
523,619,451,0,0
530,619,451,0,0
535,619,451,0,0
526,619,451,0,1
518,619,451,0,0
511,619,451,0,0
505,619,451,0,0
500,619,451,0,0
496,619,451,0,0
493,619,451,0,0
491,619,451,0,0
490,619,451,0,0
490,619,451,0,0
491,619,451,0,0
493,619,451,0,0
496,619,451,0,0
500,619,451,0,0
491,619,451,0,1
483,619,451,0,0
476,619,451,0,0
470,619,451,0,0
465,619,451,0,0
461,619,451,0,0
458,619,451,0,0
456,619,451,0,0
455,619,451,0,0
455,619,451,0,0
456,619,451,0,0
458,619,451,0,0
461,619,451,0,0
465,619,451,0,0
456,619,451,0,1
448,479,311,103,0
441,479,311,101,0
435,479,311,99,0
430,479,311,97,0
426,479,311,95,0
423,479,311,93,0
421,479,311,91,0
420,479,311,89,0
420,479,311,87,0
421,479,311,85,0
423,479,311,83,0
426,479,311,81,0
430,479,311,79,0
435,479,311,77,0
426,479,311,75,1
418,479,311,73,0
411,479,311,71,0
405,479,311,69,0
400,479,311,67,0
396,479,311,65,0
393,479,311,63,0
391,479,311,61,0
390,479,311,59,0
390,479,311,57,0
391,479,311,55,0
393,479,311,53,0
396,479,311,51,0
400,479,311,49,0
405,479,311,47,0
396,479,311,45,1
388,479,311,43,0
381,479,311,41,0
375,479,311,39,0
370,479,311,37,0
366,479,311,35,0
363,479,311,33,0
361,479,311,31,0
360,479,311,29,0
360,479,311,27,0
361,479,311,25,0
363,479,311,23,0
366,479,311,21,0
370,479,311,19,0
375,479,311,17,0
381,479,311,15,0
388,479,311,13,0
393,479,311,11,0
399,479,311,9,0
390,479,311,7,1
382,479,311,5,0
375,479,311,3,0
369,479,311,1,0
364,479,311,0,0
360,479,311,0,0
357,479,311,0,0
355,479,311,0,0
354,479,311,0,0
354,479,311,0,0
355,479,311,0,0
357,479,311,0,0
360,479,311,0,0
364,479,311,0,0
369,479,311,0,0
375,479,311,0,0
382,479,311,0,0
387,479,311,0,0
392,479,311,0,0
383,479,311,0,1
375,479,311,0,0
368,479,311,0,0
362,479,311,0,0
357,479,311,0,0
353,479,311,0,0
350,479,311,0,0
348,479,311,0,0
347,479,311,0,0
347,479,311,0,0
348,479,311,0,0
350,479,311,0,0
353,479,311,0,0
357,479,311,0,0
362,479,311,0,0
368,479,311,0,0
375,479,311,0,0
380,479,311,0,0
385,479,311,0,0
390,479,311,0,0
396,479,311,0,0
387,479,311,0,1
379,479,311,0,0
372,479,311,0,0
366,479,311,0,0
361,479,311,0,0
357,479,311,0,0
354,479,311,0,0
352,479,311,0,0
351,479,311,0,0
351,479,311,0,0
352,479,311,0,0
354,479,311,0,0
357,479,311,0,0
361,479,311,0,0
366,479,311,0,0
372,479,311,0,0
379,479,311,0,0
384,479,311,0,0
375,479,311,0,1
367,479,311,0,0
360,479,311,0,0
354,479,311,0,0
349,479,311,0,0
345,479,311,0,0
342,479,311,0,0
340,479,311,0,0
339,479,311,0,0
339,479,311,0,0
340,479,311,0,0
342,479,311,0,0
345,479,311,0,0
349,479,311,0,0
354,479,311,0,0
360,479,311,0,0
367,479,311,0,0
358,479,311,0,1
350,479,311,0,0
343,424,256,85,0
337,424,256,83,0
332,424,256,81,0
328,424,256,79,0
325,424,256,77,0
323,424,256,75,0
322,424,256,73,0
322,424,256,71,0
323,424,256,69,0
325,424,256,67,0
328,424,256,65,0
332,424,256,63,0
337,424,256,61,0
343,424,256,59,0
334,424,256,57,1
326,424,256,55,0
319,424,256,53,0
313,424,256,51,0
308,424,256,49,0
304,424,256,47,0
301,424,256,45,0
299,424,256,43,0
298,424,256,41,0
298,424,256,39,0
299,424,256,37,0
301,424,256,35,0
304,424,256,33,0
308,424,256,31,0
313,424,256,29,0
319,424,256,27,0
326,424,256,25,0
331,424,256,23,0
336,424,256,21,0
327,424,256,19,1
319,424,256,17,0
312,424,256,15,0
306,424,256,13,0
301,424,256,11,0
297,424,256,9,0
294,424,256,7,0
292,424,256,5,0
291,424,256,3,0
291,424,256,1,0
292,424,256,0,0
294,424,256,0,0
297,424,256,0,0
301,424,256,0,0
306,424,256,0,0
312,424,256,0,0
319,424,256,0,0
324,424,256,0,0
329,424,256,0,0
335,424,256,0,0
326,424,256,0,1
318,424,256,0,0
311,424,256,0,0
305,424,256,0,0
300,424,256,0,0
296,424,256,0,0
293,424,256,0,0
291,424,256,0,0
290,424,256,0,0
290,424,256,0,0
291,424,256,0,0
293,424,256,0,0
296,424,256,0,0
300,424,256,0,0
305,424,256,0,0
311,424,256,0,0
318,424,256,0,0
323,424,256,0,0
314,424,256,0,1
306,424,256,0,0
299,424,256,0,0
293,424,256,0,0
288,424,256,0,0
284,424,256,0,0
281,424,256,0,0
279,424,256,0,0
278,424,256,0,0
278,424,256,0,0
279,424,256,0,0
281,424,256,0,0
284,424,256,0,0
288,424,256,0,0
293,424,256,0,0
299,424,256,0,0
306,424,256,0,0
311,424,256,0,0
316,424,256,0,0
321,424,256,0,0
327,424,256,0,0
333,424,256,0,0
339,424,256,0,0
345,424,256,0,0
351,424,256,0,0
358,424,256,0,0
365,424,256,0,0
372,424,256,0,0
379,424,256,0,0
386,424,256,0,0
394,424,256,0,0
402,424,256,0,0
410,424,256,0,0
401,424,256,0,1
393,424,256,0,0
386,424,256,0,0
380,424,256,0,0
375,424,256,0,0
371,424,256,0,0
368,424,256,0,0
366,424,256,0,0
365,424,256,0,0
365,424,256,0,0
366,424,256,0,0
368,424,256,0,0
371,510,342,103,0
375,510,342,101,0
380,510,342,99,0
386,510,342,97,0
393,510,342,95,0
398,510,342,93,0
403,510,342,91,0
408,510,342,89,0
414,510,342,87,0
420,510,342,85,0
426,510,342,83,0
432,510,342,81,0
423,510,342,79,1
415,510,342,77,0
408,510,342,75,0
402,510,342,73,0
397,510,342,71,0
393,510,342,69,0
390,510,342,67,0
388,510,342,65,0
387,510,342,63,0
387,510,342,61,0
388,510,342,59,0
390,510,342,57,0
393,510,342,55,0
397,510,342,53,0
402,510,342,51,0
408,510,342,49,0
415,510,342,47,0
420,510,342,45,0
425,510,342,43,0
431,510,342,41,0
436,510,342,39,0
427,510,342,37,1
419,510,342,35,0
412,510,342,33,0
406,510,342,31,0
401,510,342,29,0
397,510,342,27,0
394,510,342,25,0
392,510,342,23,0
391,510,342,21,0
391,510,342,19,0
392,510,342,17,0
394,510,342,15,0
397,510,342,13,0
401,510,342,11,0
406,510,342,9,0
412,510,342,7,0
419,510,342,5,0
424,510,342,3,0
429,510,342,1,0
435,510,342,0,0
440,510,342,0,0
446,510,342,0,0
452,510,342,0,0
443,510,342,0,1
435,510,342,0,0
428,510,342,0,0
422,510,342,0,0
417,510,342,0,0
413,510,342,0,0
410,510,342,0,0
408,510,342,0,0
407,510,342,0,0
407,510,342,0,0
408,510,342,0,0
410,510,342,0,0
413,510,342,0,0
417,510,342,0,0
422,510,342,0,0
428,510,342,0,0
435,510,342,0,0
440,510,342,0,0
445,510,342,0,0
451,510,342,0,0
442,510,342,0,1
434,510,342,0,0
427,510,342,0,0
421,510,342,0,0
416,510,342,0,0
412,510,342,0,0
409,510,342,0,0
407,510,342,0,0
406,510,342,0,0
406,510,342,0,0
407,510,342,0,0
409,510,342,0,0
412,510,342,0,0
416,510,342,0,0
421,510,342,0,0
427,510,342,0,0
434,510,342,0,0
439,510,342,0,0
444,510,342,0,0
435,510,342,0,1
427,510,342,0,0
420,510,342,0,0
414,510,342,0,0
409,510,342,0,0
405,510,342,0,0
402,510,342,0,0
400,510,342,0,0
399,510,342,0,0
399,510,342,0,0
400,510,342,0,0
402,510,342,0,0
405,510,342,0,0
409,510,342,0,0
414,510,342,0,0
420,510,342,0,0
427,510,342,0,0
432,510,342,0,0
437,510,342,0,0
443,510,342,0,0
448,510,342,0,0
454,510,342,0,0
460,510,342,0,0
451,510,342,0,1
443,510,342,0,0
436,510,342,0,0
430,510,342,0,0
425,510,342,0,0
421,510,342,0,0
418,510,342,0,0
416,522,354,85,0
415,522,354,83,0
415,522,354,81,0
416,522,354,79,0
418,522,354,77,0
421,522,354,75,0
425,522,354,73,0
430,522,354,71,0
436,522,354,69,0
427,522,354,67,1
419,522,354,65,0
412,522,354,63,0
406,522,354,61,0
401,522,354,59,0
397,522,354,57,0
394,522,354,55,0
392,522,354,53,0
391,522,354,51,0
391,522,354,49,0
392,522,354,47,0
394,522,354,45,0
397,522,354,43,0
401,522,354,41,0
406,522,354,39,0
412,522,354,37,0
419,522,354,35,0
424,522,354,33,0
429,522,354,31,0
420,522,354,29,1
412,522,354,27,0
405,522,354,25,0
399,522,354,23,0
394,522,354,21,0
390,522,354,19,0
387,522,354,17,0
385,522,354,15,0
384,522,354,13,0
384,522,354,11,0
385,522,354,9,0
387,522,354,7,0
390,522,354,5,0
394,522,354,3,0
399,522,354,1,0
405,522,354,0,0
412,522,354,0,0
417,522,354,0,0
422,522,354,0,0
428,522,354,0,0
433,522,354,0,0
439,522,354,0,0
445,522,354,0,0
451,522,354,0,0
458,522,354,0,0
449,522,354,0,1
441,522,354,0,0
434,522,354,0,0
428,522,354,0,0
423,522,354,0,0
419,522,354,0,0
416,522,354,0,0
414,522,354,0,0
413,522,354,0,0
413,522,354,0,0
414,522,354,0,0
416,522,354,0,0
419,522,354,0,0
423,522,354,0,0
428,522,354,0,0
434,522,354,0,0
441,522,354,0,0
446,522,354,0,0
451,522,354,0,0
442,522,354,0,1
434,522,354,0,0
427,522,354,0,0
421,522,354,0,0
416,522,354,0,0
412,522,354,0,0
409,522,354,0,0
407,522,354,0,0
406,522,354,0,0
406,522,354,0,0
407,522,354,0,0
409,522,354,0,0
412,522,354,0,0
416,522,354,0,0
421,522,354,0,0
427,522,354,0,0
434,522,354,0,0
439,522,354,0,0
444,522,354,0,0
450,522,354,0,0
455,522,354,0,0
461,522,354,0,0
467,522,354,0,0
473,522,354,0,0
480,522,354,0,0
486,522,354,0,0
493,522,354,0,0
500,522,354,0,0
507,522,354,0,0
515,522,354,0,0
522,522,354,0,0
530,522,354,0,0
538,522,354,0,0
546,522,354,0,0
555,522,354,0,0
563,522,354,0,0
554,522,354,0,1
546,522,354,0,0
539,522,354,0,0
533,522,354,0,0
528,522,354,0,0
524,522,354,0,0
521,522,354,0,0
519,522,354,0,0
518,582,414,103,0
518,582,414,101,0
519,582,414,99,0
521,582,414,97,0
524,582,414,95,0
528,582,414,93,0
533,582,414,91,0
539,582,414,89,0
546,582,414,87,0
537,582,414,85,1
529,582,414,83,0
522,582,414,81,0
516,582,414,79,0
511,582,414,77,0
507,582,414,75,0
504,582,414,73,0
502,582,414,71,0
501,582,414,69,0
501,582,414,67,0
502,582,414,65,0
504,582,414,63,0
507,582,414,61,0
511,582,414,59,0
516,582,414,57,0
522,582,414,55,0
529,582,414,53,0
534,582,414,51,0
525,582,414,49,1
517,582,414,47,0
510,582,414,45,0
504,582,414,43,0
499,582,414,41,0
495,582,414,39,0
492,582,414,37,0
490,582,414,35,0
489,582,414,33,0
489,582,414,31,0
490,582,414,29,0
492,582,414,27,0
495,582,414,25,0
499,582,414,23,0
504,582,414,21,0
510,582,414,19,0
517,582,414,17,0
508,582,414,15,1
500,582,414,13,0
493,582,414,11,0
487,582,414,9,0
482,582,414,7,0
478,582,414,5,0
475,582,414,3,0
473,582,414,1,0
472,582,414,0,0
472,582,414,0,0
473,582,414,0,0
475,582,414,0,0
478,582,414,0,0
482,582,414,0,0
487,582,414,0,0
493,582,414,0,0
500,582,414,0,0
505,582,414,0,0
510,582,414,0,0
516,582,414,0,0
521,582,414,0,0
512,582,414,0,1
504,582,414,0,0
497,582,414,0,0
491,582,414,0,0
486,582,414,0,0
482,582,414,0,0
479,582,414,0,0
477,582,414,0,0
476,582,414,0,0
476,582,414,0,0
477,582,414,0,0
479,582,414,0,0
482,582,414,0,0
486,582,414,0,0
491,582,414,0,0
497,582,414,0,0
504,582,414,0,0
509,582,414,0,0
515,582,414,0,0
506,582,414,0,1
498,582,414,0,0
491,582,414,0,0
485,582,414,0,0
480,582,414,0,0
476,582,414,0,0
473,582,414,0,0
471,582,414,0,0
470,582,414,0,0
470,582,414,0,0
471,582,414,0,0
473,582,414,0,0
476,582,414,0,0
480,582,414,0,0
471,582,414,0,1
463,582,414,0,0
456,582,414,0,0
450,582,414,0,0
445,582,414,0,0
441,582,414,0,0
438,582,414,0,0
436,582,414,0,0
435,582,414,0,0
435,582,414,0,0
436,582,414,0,0
427,582,414,0,1
419,582,414,0,0
412,582,414,0,0
406,582,414,0,0
401,582,414,0,0
397,582,414,0,0
394,582,414,0,0
392,582,414,0,0
391,582,414,0,0
391,582,414,0,0
392,582,414,0,0
383,582,414,0,1
375,582,414,0,0
368,582,414,0,0
362,582,414,0,0
357,582,414,0,0
353,415,247,85,0
350,415,247,83,0
348,415,247,81,0
347,415,247,79,0
347,415,247,77,0
338,415,247,75,1
330,415,247,73,0
323,415,247,71,0
317,415,247,69,0
312,415,247,67,0
308,415,247,65,0
305,415,247,63,0
303,415,247,61,0
302,415,247,59,0
302,415,247,57,0
303,415,247,55,0
305,415,247,53,0
308,415,247,51,0
312,415,247,49,0
317,415,247,47,0
323,415,247,45,0
330,415,247,43,0
335,415,247,41,0
340,415,247,39,0
345,415,247,37,0
351,415,247,35,0
357,415,247,33,0
363,415,247,31,0
354,415,247,29,1
346,415,247,27,0
339,415,247,25,0
333,415,247,23,0
328,415,247,21,0
324,415,247,19,0
321,415,247,17,0
319,415,247,15,0
318,415,247,13,0
318,415,247,11,0
319,415,247,9,0
321,415,247,7,0
324,415,247,5,0
328,415,247,3,0
333,415,247,1,0
339,415,247,0,0
346,415,247,0,0
351,415,247,0,0
356,415,247,0,0
347,415,247,0,1
339,415,247,0,0
332,415,247,0,0
326,415,247,0,0
321,415,247,0,0
317,415,247,0,0
314,415,247,0,0
312,415,247,0,0
311,415,247,0,0
311,415,247,0,0
312,415,247,0,0
314,415,247,0,0
317,415,247,0,0
321,415,247,0,0
326,415,247,0,0
332,415,247,0,0
339,415,247,0,0
330,415,247,0,1
322,415,247,0,0
315,415,247,0,0
309,415,247,0,0
304,415,247,0,0
300,415,247,0,0
297,415,247,0,0
295,415,247,0,0
294,415,247,0,0
294,415,247,0,0
295,415,247,0,0
297,415,247,0,0
300,415,247,0,0
304,415,247,0,0
309,415,247,0,0
315,415,247,0,0
322,415,247,0,0
327,415,247,0,0
318,415,247,0,1
310,415,247,0,0
303,415,247,0,0
297,415,247,0,0
292,415,247,0,0
288,415,247,0,0
285,415,247,0,0
283,415,247,0,0
282,415,247,0,0
282,415,247,0,0
283,415,247,0,0
285,415,247,0,0
288,415,247,0,0
292,415,247,0,0
297,415,247,0,0
303,415,247,0,0
310,415,247,0,0
301,415,247,0,1
293,415,247,0,0
286,415,247,0,0
280,415,247,0,0
275,415,247,0,0
271,415,247,0,0
268,415,247,0,0
266,415,247,0,0
265,415,247,0,0
265,415,247,0,0
266,415,247,0,0
268,415,247,0,0
271,415,247,0,0
275,415,247,0,0
280,415,247,0,0
286,415,247,0,0
293,415,247,0,0
298,502,334,103,0
303,502,334,101,0
308,502,334,99,0
314,502,334,97,0
320,502,334,95,0
326,502,334,93,0
332,502,334,91,0
338,502,334,89,0
345,502,334,87,0
352,502,334,85,0
359,502,334,83,0
366,502,334,81,0
373,502,334,79,0
381,502,334,77,0
389,502,334,75,0
397,502,334,73,0
405,502,334,71,0
413,502,334,69,0
422,502,334,67,0
431,502,334,65,0
422,502,334,63,1
414,502,334,61,0
407,502,334,59,0
401,502,334,57,0
396,502,334,55,0
392,502,334,53,0
389,502,334,51,0
387,502,334,49,0
386,502,334,47,0
386,502,334,45,0
387,502,334,43,0
389,502,334,41,0
392,502,334,39,0
396,502,334,37,0
401,502,334,35,0
407,502,334,33,0
414,502,334,31,0
419,502,334,29,0
424,502,334,27,0
429,502,334,25,0
420,502,334,23,1
412,502,334,21,0
405,502,334,19,0
399,502,334,17,0
394,502,334,15,0
390,502,334,13,0
387,502,334,11,0
385,502,334,9,0
384,502,334,7,0
384,502,334,5,0
385,502,334,3,0
387,502,334,1,0
390,502,334,0,0
394,502,334,0,0
399,502,334,0,0
405,502,334,0,0
412,502,334,0,0
417,502,334,0,0
423,502,334,0,0
428,502,334,0,0
434,502,334,0,0
425,502,334,0,1
417,502,334,0,0
410,502,334,0,0
404,502,334,0,0
399,502,334,0,0
395,502,334,0,0
392,502,334,0,0
390,502,334,0,0
389,502,334,0,0
389,502,334,0,0
390,502,334,0,0
392,502,334,0,0
395,502,334,0,0
399,502,334,0,0
404,502,334,0,0
410,502,334,0,0
417,502,334,0,0
422,502,334,0,0
427,502,334,0,0
432,502,334,0,0
438,502,334,0,0
429,502,334,0,1
421,502,334,0,0
414,502,334,0,0
408,502,334,0,0
403,502,334,0,0
399,502,334,0,0
396,502,334,0,0
394,502,334,0,0
393,502,334,0,0
393,502,334,0,0
394,502,334,0,0
396,502,334,0,0
399,502,334,0,0
403,502,334,0,0
408,502,334,0,0
399,502,334,0,1
391,502,334,0,0
384,502,334,0,0
378,502,334,0,0
373,502,334,0,0
369,502,334,0,0
366,502,334,0,0
364,502,334,0,0
363,502,334,0,0
363,502,334,0,0
364,502,334,0,0
355,502,334,0,1
347,502,334,0,0
340,502,334,0,0
334,502,334,0,0
329,502,334,0,0
325,502,334,0,0
322,502,334,0,0
320,502,334,0,0
319,502,334,0,0
319,502,334,0,0
320,502,334,0,0
322,502,334,0,0
325,502,334,0,0
329,502,334,0,0
334,502,334,0,0
340,502,334,0,0
347,502,334,0,0
352,429,261,85,0
357,429,261,83,0
362,429,261,81,0
368,429,261,79,0
374,429,261,77,0
365,429,261,75,1
357,429,261,73,0
350,429,261,71,0
344,429,261,69,0
339,429,261,67,0
335,429,261,65,0
332,429,261,63,0
330,429,261,61,0
329,429,261,59,0
329,429,261,57,0
330,429,261,55,0
332,429,261,53,0
335,429,261,51,0
339,429,261,49,0
344,429,261,47,0
350,429,261,45,0
357,429,261,43,0
362,429,261,41,0
353,429,261,39,1
345,429,261,37,0
338,429,261,35,0
332,429,261,33,0
327,429,261,31,0
323,429,261,29,0
320,429,261,27,0
318,429,261,25,0
317,429,261,23,0
317,429,261,21,0
318,429,261,19,0
320,429,261,17,0
323,429,261,15,0
327,429,261,13,0
332,429,261,11,0
338,429,261,9,0
345,429,261,7,0
350,429,261,5,0
341,429,261,3,1
333,429,261,1,0
326,429,261,0,0
320,429,261,0,0
315,429,261,0,0
311,429,261,0,0
308,429,261,0,0
306,429,261,0,0
305,429,261,0,0
305,429,261,0,0
306,429,261,0,0
308,429,261,0,0
311,429,261,0,0
315,429,261,0,0
320,429,261,0,0
326,429,261,0,0
333,429,261,0,0
338,429,261,0,0
343,429,261,0,0
348,429,261,0,0
354,429,261,0,0
345,429,261,0,1
337,429,261,0,0
330,429,261,0,0
324,429,261,0,0
319,429,261,0,0
315,429,261,0,0
312,429,261,0,0
310,429,261,0,0
309,429,261,0,0
309,429,261,0,0
310,429,261,0,0
312,429,261,0,0
315,429,261,0,0
319,429,261,0,0
324,429,261,0,0
315,429,261,0,1
307,429,261,0,0
300,429,261,0,0
294,429,261,0,0
289,429,261,0,0
285,429,261,0,0
282,429,261,0,0
280,429,261,0,0
279,429,261,0,0
279,429,261,0,0
280,429,261,0,0
282,429,261,0,0
285,429,261,0,0
289,429,261,0,0
294,429,261,0,0
300,429,261,0,0
307,429,261,0,0
312,429,261,0,0
317,429,261,0,0
323,429,261,0,0
328,429,261,0,0
334,429,261,0,0
340,429,261,0,0
346,429,261,0,0
353,429,261,0,0
359,429,261,0,0
366,429,261,0,0
373,429,261,0,0
380,429,261,0,0
388,429,261,0,0
395,429,261,0,0
403,429,261,0,0
411,429,261,0,0
419,429,261,0,0
428,429,261,0,0
419,429,261,0,1
411,429,261,0,0
404,429,261,0,0
398,429,261,0,0
393,519,351,103,0
389,519,351,101,0
386,519,351,99,0
384,519,351,97,0
383,519,351,95,0
383,519,351,93,0
384,519,351,91,0
386,519,351,89,0
389,519,351,87,0
393,519,351,85,0
398,519,351,83,0
404,519,351,81,0
411,519,351,79,0
416,519,351,77,0
421,519,351,75,0
426,519,351,73,0
432,519,351,71,0
423,519,351,69,1
415,519,351,67,0
408,519,351,65,0
402,519,351,63,0
397,519,351,61,0
393,519,351,59,0
390,519,351,57,0
388,519,351,55,0
387,519,351,53,0
387,519,351,51,0
388,519,351,49,0
390,519,351,47,0
393,519,351,45,0
397,519,351,43,0
402,519,351,41,0
408,519,351,39,0
415,519,351,37,0
420,519,351,35,0
425,519,351,33,0
430,519,351,31,0
421,519,351,29,1
413,519,351,27,0
406,519,351,25,0
400,519,351,23,0
395,519,351,21,0
391,519,351,19,0
388,519,351,17,0
386,519,351,15,0
385,519,351,13,0
385,519,351,11,0
386,519,351,9,0
388,519,351,7,0
391,519,351,5,0
395,519,351,3,0
400,519,351,1,0
406,519,351,0,0
413,519,351,0,0
418,519,351,0,0
424,519,351,0,0
429,519,351,0,0
435,519,351,0,0
440,519,351,0,0
446,519,351,0,0
453,519,351,0,0
444,519,351,0,1
436,519,351,0,0
429,519,351,0,0
423,519,351,0,0
418,519,351,0,0
414,519,351,0,0
411,519,351,0,0
409,519,351,0,0
408,519,351,0,0
408,519,351,0,0
409,519,351,0,0
411,519,351,0,0
414,519,351,0,0
418,519,351,0,0
423,519,351,0,0
429,519,351,0,0
436,519,351,0,0
441,519,351,0,0
446,519,351,0,0
437,519,351,0,1
429,519,351,0,0
422,519,351,0,0
416,519,351,0,0
411,519,351,0,0
407,519,351,0,0
404,519,351,0,0
402,519,351,0,0
401,519,351,0,0
401,519,351,0,0
402,519,351,0,0
404,519,351,0,0
407,519,351,0,0
411,519,351,0,0
416,519,351,0,0
422,519,351,0,0
429,519,351,0,0
420,519,351,0,1
412,519,351,0,0
405,519,351,0,0
399,519,351,0,0
394,519,351,0,0
390,519,351,0,0
387,519,351,0,0
385,519,351,0,0
384,519,351,0,0
384,519,351,0,0
385,519,351,0,0
387,519,351,0,0
390,519,351,0,0
394,519,351,0,0
399,519,351,0,0
390,519,351,0,1
382,519,351,0,0
375,519,351,0,0
369,519,351,0,0
364,519,351,0,0
360,519,351,0,0
357,519,351,0,0
355,519,351,0,0
354,519,351,0,0
354,519,351,0,0
355,519,351,0,0
357,519,351,0,0
360,519,351,0,0
351,445,277,85,1
343,445,277,83,0
336,445,277,81,0
330,445,277,79,0
325,445,277,77,0
321,445,277,75,0
318,445,277,73,0
316,445,277,71,0
315,445,277,69,0
315,445,277,67,0
316,445,277,65,0
318,445,277,63,0
321,445,277,61,0
325,445,277,59,0
330,445,277,57,0
336,445,277,55,0
343,445,277,53,0
348,445,277,51,0
353,445,277,49,0
358,445,277,47,0
349,445,277,45,1
341,445,277,43,0
334,445,277,41,0
328,445,277,39,0
323,445,277,37,0
319,445,277,35,0
316,445,277,33,0
314,445,277,31,0
313,445,277,29,0
313,445,277,27,0
314,445,277,25,0
316,445,277,23,0
319,445,277,21,0
323,445,277,19,0
328,445,277,17,0
334,445,277,15,0
341,445,277,13,0
346,445,277,11,0
352,445,277,9,0
357,445,277,7,0
348,445,277,5,1
340,445,277,3,0
333,445,277,1,0
327,445,277,0,0
322,445,277,0,0
318,445,277,0,0
315,445,277,0,0
313,445,277,0,0
312,445,277,0,0
312,445,277,0,0
313,445,277,0,0
315,445,277,0,0
318,445,277,0,0
322,445,277,0,0
327,445,277,0,0
333,445,277,0,0
324,445,277,0,1
316,445,277,0,0
309,445,277,0,0
303,445,277,0,0
298,445,277,0,0
294,445,277,0,0
291,445,277,0,0
289,445,277,0,0
288,445,277,0,0
288,445,277,0,0
289,445,277,0,0
291,445,277,0,0
294,445,277,0,0
298,445,277,0,0
303,445,277,0,0
309,445,277,0,0
316,445,277,0,0
321,445,277,0,0
326,445,277,0,0
332,445,277,0,0
337,445,277,0,0
343,445,277,0,0
334,445,277,0,1
326,445,277,0,0
319,445,277,0,0
313,445,277,0,0
308,445,277,0,0
304,445,277,0,0
301,445,277,0,0
299,445,277,0,0
298,445,277,0,0
298,445,277,0,0
299,445,277,0,0
301,445,277,0,0
304,445,277,0,0
308,445,277,0,0
313,445,277,0,0
319,445,277,0,0
326,445,277,0,0
331,445,277,0,0
336,445,277,0,0
342,445,277,0,0
347,445,277,0,0
353,445,277,0,0
359,445,277,0,0
365,445,277,0,0
372,445,277,0,0
378,445,277,0,0
385,445,277,0,0
392,445,277,0,0
399,445,277,0,0
407,445,277,0,0
414,445,277,0,0
422,445,277,0,0
430,445,277,0,0
438,445,277,0,0
447,445,277,0,0
455,445,277,0,0
464,445,277,0,0
473,445,277,0,0
482,556,388,103,0
492,556,388,101,0
501,556,388,99,0
511,556,388,97,0
521,556,388,95,0
531,556,388,93,0
542,556,388,91,0
533,556,388,89,1
525,556,388,87,0
518,556,388,85,0
512,556,388,83,0
507,556,388,81,0
503,556,388,79,0
500,556,388,77,0
498,556,388,75,0
497,556,388,73,0
497,556,388,71,0
498,556,388,69,0
500,556,388,67,0
503,556,388,65,0
507,556,388,63,0
512,556,388,61,0
518,556,388,59,0
509,556,388,57,1
501,556,388,55,0
494,556,388,53,0
488,556,388,51,0
483,556,388,49,0
479,556,388,47,0
476,556,388,45,0
474,556,388,43,0
473,556,388,41,0
473,556,388,39,0
474,556,388,37,0
476,556,388,35,0
479,556,388,33,0
483,556,388,31,0
474,556,388,29,1
466,556,388,27,0
459,556,388,25,0
453,556,388,23,0
448,556,388,21,0
444,556,388,19,0
441,556,388,17,0
439,556,388,15,0
438,556,388,13,0
438,556,388,11,0
439,556,388,9,0
441,556,388,7,0
444,556,388,5,0
448,556,388,3,0
453,556,388,1,0
459,556,388,0,0
466,556,388,0,0
471,556,388,0,0
476,556,388,0,0
481,556,388,0,0
472,556,388,0,1
464,556,388,0,0
457,556,388,0,0
451,556,388,0,0
446,556,388,0,0
442,556,388,0,0
439,556,388,0,0
437,556,388,0,0
436,556,388,0,0
436,556,388,0,0
437,556,388,0,0
439,556,388,0,0
442,556,388,0,0
446,556,388,0,0
451,556,388,0,0
457,556,388,0,0
464,556,388,0,0
469,556,388,0,0
460,556,388,0,1
452,556,388,0,0
445,556,388,0,0
439,556,388,0,0
434,556,388,0,0
430,556,388,0,0
427,556,388,0,0
425,556,388,0,0
424,556,388,0,0
424,556,388,0,0
425,556,388,0,0
427,556,388,0,0
430,556,388,0,0
434,556,388,0,0
439,556,388,0,0
445,556,388,0,0
452,556,388,0,0
457,556,388,0,0
462,556,388,0,0
468,556,388,0,0
473,556,388,0,0
464,556,388,0,1
456,556,388,0,0
449,556,388,0,0
443,556,388,0,0
438,556,388,0,0
434,556,388,0,0
431,556,388,0,0
429,556,388,0,0
428,556,388,0,0
428,556,388,0,0
429,556,388,0,0
431,556,388,0,0
434,556,388,0,0
425,556,388,0,1
417,556,388,0,0
410,556,388,0,0
404,556,388,0,0
399,556,388,0,0
395,556,388,0,0
392,556,388,0,0
390,556,388,0,0
389,556,388,0,0
389,556,388,0,0
390,556,388,0,0
392,556,388,0,0
383,556,388,0,1
375,556,388,0,0
368,556,388,0,0
362,556,388,0,0
357,456,288,85,0
353,456,288,83,0
350,456,288,81,0
348,456,288,79,0
347,456,288,77,0
347,456,288,75,0
348,456,288,73,0
350,456,288,71,0
353,456,288,69,0
344,456,288,67,1
336,456,288,65,0
329,456,288,63,0
323,456,288,61,0
318,456,288,59,0
314,456,288,57,0
311,456,288,55,0
309,456,288,53,0
308,456,288,51,0
308,456,288,49,0
309,456,288,47,0
311,456,288,45,0
314,456,288,43,0
318,456,288,41,0
323,456,288,39,0
329,456,288,37,0
336,456,288,35,0
341,456,288,33,0
347,456,288,31,0
352,456,288,29,0
358,456,288,27,0
363,456,288,25,0
369,456,288,23,0
376,456,288,21,0
367,456,288,19,1
359,456,288,17,0
352,456,288,15,0
346,456,288,13,0
341,456,288,11,0
337,456,288,9,0
334,456,288,7,0
332,456,288,5,0
331,456,288,3,0
331,456,288,1,0
332,456,288,0,0
334,456,288,0,0
337,456,288,0,0
341,456,288,0,0
346,456,288,0,0
352,456,288,0,0
359,456,288,0,0
364,456,288,0,0
369,456,288,0,0
374,456,288,0,0
380,456,288,0,0
371,456,288,0,1
363,456,288,0,0
356,456,288,0,0
350,456,288,0,0
345,456,288,0,0
341,456,288,0,0
338,456,288,0,0
336,456,288,0,0
335,456,288,0,0
335,456,288,0,0
336,456,288,0,0
338,456,288,0,0
341,456,288,0,0
345,456,288,0,0
350,456,288,0,0
356,456,288,0,0
363,456,288,0,0
368,456,288,0,0
359,456,288,0,1
351,456,288,0,0
344,456,288,0,0
338,456,288,0,0
333,456,288,0,0
329,456,288,0,0
326,456,288,0,0
324,456,288,0,0
323,456,288,0,0
323,456,288,0,0
324,456,288,0,0
326,456,288,0,0
329,456,288,0,0
333,456,288,0,0
338,456,288,0,0
344,456,288,0,0
351,456,288,0,0
356,456,288,0,0
361,456,288,0,0
366,456,288,0,0
372,456,288,0,0
378,456,288,0,0
369,456,288,0,1
361,456,288,0,0
354,456,288,0,0
348,456,288,0,0
343,456,288,0,0
339,456,288,0,0
336,456,288,0,0
334,456,288,0,0
333,456,288,0,0
333,456,288,0,0
334,456,288,0,0
336,456,288,0,0
339,456,288,0,0
343,456,288,0,0
348,456,288,0,0
354,456,288,0,0
361,456,288,0,0
366,456,288,0,0
357,456,288,0,1
349,456,288,0,0
342,456,288,0,0
336,456,288,0,0
331,456,288,103,0
327,456,288,101,0
324,456,288,99,0
322,456,288,97,0
321,456,288,95,0
321,456,288,93,0
322,456,288,91,0
324,456,288,89,0
327,456,288,87,0
331,456,288,85,0
336,456,288,83,0
342,456,288,81,0
349,456,288,79,0
354,456,288,77,0
359,456,288,75,0
364,456,288,73,0
355,456,288,71,1
347,456,288,69,0
340,456,288,67,0
334,456,288,65,0
329,456,288,63,0
325,456,288,61,0
322,456,288,59,0
320,456,288,57,0
319,456,288,55,0
319,456,288,53,0
320,456,288,51,0
322,456,288,49,0
325,456,288,47,0
329,456,288,45,0
334,456,288,43,0
340,456,288,41,0
347,456,288,39,0
352,456,288,37,0
358,456,288,35,0
349,456,288,33,1
341,456,288,31,0
334,456,288,29,0
328,456,288,27,0
323,456,288,25,0
319,456,288,23,0
316,456,288,21,0
314,456,288,19,0
313,456,288,17,0
313,456,288,15,0
314,456,288,13,0
316,456,288,11,0
319,456,288,9,0
323,456,288,7,0
328,456,288,5,0
334,456,288,3,0
341,456,288,1,0
346,456,288,0,0
351,456,288,0,0
356,456,288,0,0
362,456,288,0,0
368,456,288,0,0
359,456,288,0,1
351,456,288,0,0
344,456,288,0,0
338,456,288,0,0
333,456,288,0,0
329,456,288,0,0
326,456,288,0,0
324,456,288,0,0
323,456,288,0,0
323,456,288,0,0
324,456,288,0,0
326,456,288,0,0
329,456,288,0,0
333,456,288,0,0
338,456,288,0,0
344,456,288,0,0
351,456,288,0,0
356,456,288,0,0
361,456,288,0,0
352,456,288,0,1
344,456,288,0,0
337,456,288,0,0
331,456,288,0,0
326,456,288,0,0
322,456,288,0,0
319,456,288,0,0
317,456,288,0,0
316,456,288,0,0
316,456,288,0,0
317,456,288,0,0
319,456,288,0,0
322,456,288,0,0
326,456,288,0,0
331,456,288,0,0
337,456,288,0,0
344,456,288,0,0
349,456,288,0,0
354,456,288,0,0
359,456,288,0,0
365,456,288,0,0
371,456,288,0,0
377,456,288,0,0
383,456,288,0,0
389,456,288,0,0
396,456,288,0,0
403,456,288,0,0
410,456,288,0,0
417,456,288,0,0
424,456,288,0,0
432,456,288,0,0
423,456,288,0,1
415,456,288,0,0
408,456,288,0,0
402,456,288,0,0
397,456,288,0,0
393,456,288,0,0
390,456,288,0,0
388,456,288,0,0
387,456,288,0,0
387,456,288,0,0
388,456,288,0,0
390,456,288,0,0
393,456,288,0,0
397,456,288,0,0
402,456,288,0,0
408,456,288,0,0
415,456,288,0,0
420,456,288,0,0
425,557,389,85,0
431,557,389,83,0
436,557,389,81,0
442,557,389,79,0
448,557,389,77,0
454,557,389,75,0
461,557,389,73,0
467,557,389,71,0
474,557,389,69,0
481,557,389,67,0
488,557,389,65,0
479,557,389,63,1
471,557,389,61,0
464,557,389,59,0
458,557,389,57,0
453,557,389,55,0
449,557,389,53,0
446,557,389,51,0
444,557,389,49,0
443,557,389,47,0
443,557,389,45,0
444,557,389,43,0
446,557,389,41,0
449,557,389,39,0
453,557,389,37,0
458,557,389,35,0
464,557,389,33,0
471,557,389,31,0
476,557,389,29,0
481,557,389,27,0
487,557,389,25,0
492,557,389,23,0
498,557,389,21,0
504,557,389,19,0
495,557,389,17,1
487,557,389,15,0
480,557,389,13,0
474,557,389,11,0
469,557,389,9,0
465,557,389,7,0
462,557,389,5,0
460,557,389,3,0
459,557,389,1,0
459,557,389,0,0
460,557,389,0,0
462,557,389,0,0
465,557,389,0,0
469,557,389,0,0
474,557,389,0,0
480,557,389,0,0
471,557,389,0,1
463,557,389,0,0
456,557,389,0,0
450,557,389,0,0
445,557,389,0,0
441,557,389,0,0
438,557,389,0,0
436,557,389,0,0
435,557,389,0,0
435,557,389,0,0
436,557,389,0,0
438,557,389,0,0
441,557,389,0,0
445,557,389,0,0
450,557,389,0,0
456,557,389,0,0
447,557,389,0,1
439,557,389,0,0
432,557,389,0,0
426,557,389,0,0
421,557,389,0,0
417,557,389,0,0
414,557,389,0,0
412,557,389,0,0
411,557,389,0,0
411,557,389,0,0
412,557,389,0,0
414,557,389,0,0
417,557,389,0,0
421,557,389,0,0
426,557,389,0,0
432,557,389,0,0
439,557,389,0,0
444,557,389,0,0
449,557,389,0,0
455,557,389,0,0
460,557,389,0,0
466,557,389,0,0
472,557,389,0,0
478,557,389,0,0
469,557,389,0,1
461,557,389,0,0
454,557,389,0,0
448,557,389,0,0
443,557,389,0,0
439,557,389,0,0
436,557,389,0,0
434,557,389,0,0
433,557,389,0,0
433,557,389,0,0
434,557,389,0,0
436,557,389,0,0
439,557,389,0,0
443,557,389,0,0
448,557,389,0,0
454,557,389,0,0
461,557,389,0,0
466,557,389,0,0
472,557,389,0,0
477,557,389,0,0
468,557,389,0,1
460,557,389,0,0
453,557,389,0,0
447,557,389,0,0
442,557,389,0,0
438,557,389,0,0
435,537,369,103,0
433,537,369,101,0
432,537,369,99,0
432,537,369,97,0
433,537,369,95,0
435,537,369,93,0
438,537,369,91,0
442,537,369,89,0
447,537,369,87,0
453,537,369,85,0
460,537,369,83,0
465,537,369,81,0
470,537,369,79,0
476,537,369,77,0
481,537,369,75,0
472,537,369,73,1
464,537,369,71,0
457,537,369,69,0
451,537,369,67,0
446,537,369,65,0
442,537,369,63,0
439,537,369,61,0
437,537,369,59,0
436,537,369,57,0
436,537,369,55,0
437,537,369,53,0
439,537,369,51,0
442,537,369,49,0
446,537,369,47,0
451,537,369,45,0
457,537,369,43,0
464,537,369,41,0
469,537,369,39,0
474,537,369,37,0
480,537,369,35,0
471,537,369,33,1
463,537,369,31,0
456,537,369,29,0
450,537,369,27,0
445,537,369,25,0
441,537,369,23,0
438,537,369,21,0
436,537,369,19,0
435,537,369,17,0
435,537,369,15,0
436,537,369,13,0
438,537,369,11,0
441,537,369,9,0
445,537,369,7,0
450,537,369,5,0
456,537,369,3,0
463,537,369,1,0
468,537,369,0,0
459,537,369,0,1
451,537,369,0,0
444,537,369,0,0
438,537,369,0,0
433,537,369,0,0
429,537,369,0,0
426,537,369,0,0
424,537,369,0,0
423,537,369,0,0
423,537,369,0,0
424,537,369,0,0
426,537,369,0,0
429,537,369,0,0
433,537,369,0,0
438,537,369,0,0
444,537,369,0,0
435,537,369,0,1
427,537,369,0,0
420,537,369,0,0
414,537,369,0,0
409,537,369,0,0
405,537,369,0,0
402,537,369,0,0
400,537,369,0,0
399,537,369,0,0
399,537,369,0,0
400,537,369,0,0
402,537,369,0,0
405,537,369,0,0
409,537,369,0,0
414,537,369,0,0
420,537,369,0,0
427,537,369,0,0
432,537,369,0,0
437,537,369,0,0
442,537,369,0,0
448,537,369,0,0
454,537,369,0,0
445,537,369,0,1
437,537,369,0,0
430,537,369,0,0
424,537,369,0,0
419,537,369,0,0
415,537,369,0,0
412,537,369,0,0
410,537,369,0,0
409,537,369,0,0
409,537,369,0,0
410,537,369,0,0
412,537,369,0,0
403,537,369,0,1
395,537,369,0,0
388,537,369,0,0
382,537,369,0,0
377,537,369,0,0
373,537,369,0,0
370,537,369,0,0
368,537,369,0,0
367,537,369,0,0
367,537,369,0,0
368,537,369,0,0
359,537,369,0,1
351,537,369,0,0
344,537,369,0,0
338,537,369,0,0
333,537,369,0,0
329,537,369,0,0
326,537,369,0,0
324,537,369,0,0
323,537,369,0,0
323,537,369,0,0
324,537,369,0,0
326,412,244,85,0
317,412,244,83,1
309,412,244,81,0
302,412,244,79,0
296,412,244,77,0
291,412,244,75,0
287,412,244,73,0
284,412,244,71,0
282,412,244,69,0
281,412,244,67,0
281,412,244,65,0
282,412,244,63,0
284,412,244,61,0
287,412,244,59,0
291,412,244,57,0
296,412,244,55,0
302,412,244,53,0
309,412,244,51,0
314,412,244,49,0
319,412,244,47,0
324,412,244,45,0
315,412,244,43,1
307,412,244,41,0
300,412,244,39,0
294,412,244,37,0
289,412,244,35,0
285,412,244,33,0
282,412,244,31,0
280,412,244,29,0
279,412,244,27,0
279,412,244,25,0
280,412,244,23,0
282,412,244,21,0
285,412,244,19,0
289,412,244,17,0
294,412,244,15,0
300,412,244,13,0
307,412,244,11,0
312,412,244,9,0
318,412,244,7,0
323,412,244,5,0
329,412,244,3,0
320,412,244,1,1
312,412,244,0,0
305,412,244,0,0
299,412,244,0,0
294,412,244,0,0
290,412,244,0,0
287,412,244,0,0
285,412,244,0,0
284,412,244,0,0
284,412,244,0,0
285,412,244,0,0
287,412,244,0,0
290,412,244,0,0
294,412,244,0,0
299,412,244,0,0
305,412,244,0,0
312,412,244,0,0
317,412,244,0,0
322,412,244,0,0
327,412,244,0,0
333,412,244,0,0
324,412,244,0,1
316,412,244,0,0
309,412,244,0,0
303,412,244,0,0
298,412,244,0,0
294,412,244,0,0
291,412,244,0,0
289,412,244,0,0
288,412,244,0,0
288,412,244,0,0
289,412,244,0,0
291,412,244,0,0
294,412,244,0,0
298,412,244,0,0
303,412,244,0,0
309,412,244,0,0
316,412,244,0,0
321,412,244,0,0
326,412,244,0,0
331,412,244,0,0
337,412,244,0,0
343,412,244,0,0
349,412,244,0,0
355,412,244,0,0
361,412,244,0,0
368,412,244,0,0
375,412,244,0,0
382,412,244,0,0
389,412,244,0,0
396,412,244,0,0
404,412,244,0,0
412,412,244,0,0
420,412,244,0,0
411,412,244,0,1
403,412,244,0,0
396,412,244,0,0
390,412,244,0,0
385,412,244,0,0
381,412,244,0,0
378,412,244,0,0
376,412,244,0,0
375,412,244,0,0
375,412,244,0,0
376,412,244,0,0
378,412,244,0,0
381,412,244,0,0
385,412,244,0,0
390,412,244,0,0
396,412,244,0,0
403,412,244,0,0
408,412,244,0,0
413,412,244,0,0
418,412,244,0,0
424,503,335,103,0
430,503,335,101,0
421,503,335,99,1
413,503,335,97,0
406,503,335,95,0
400,503,335,93,0
395,503,335,91,0
391,503,335,89,0
388,503,335,87,0
386,503,335,85,0
385,503,335,83,0
385,503,335,81,0
386,503,335,79,0
388,503,335,77,0
391,503,335,75,0
395,503,335,73,0
400,503,335,71,0
406,503,335,69,0
413,503,335,67,0
418,503,335,65,0
423,503,335,63,0
428,503,335,61,0
434,503,335,59,0
440,503,335,57,0
431,503,335,55,1
423,503,335,53,0
416,503,335,51,0
410,503,335,49,0
405,503,335,47,0
401,503,335,45,0
398,503,335,43,0
396,503,335,41,0
395,503,335,39,0
395,503,335,37,0
396,503,335,35,0
398,503,335,33,0
401,503,335,31,0
405,503,335,29,0
410,503,335,27,0
416,503,335,25,0
423,503,335,23,0
428,503,335,21,0
433,503,335,19,0
438,503,335,17,0
429,503,335,15,1
421,503,335,13,0
414,503,335,11,0
408,503,335,9,0
403,503,335,7,0
399,503,335,5,0
396,503,335,3,0
394,503,335,1,0
393,503,335,0,0
393,503,335,0,0
394,503,335,0,0
396,503,335,0,0
399,503,335,0,0
403,503,335,0,0
408,503,335,0,0
414,503,335,0,0
421,503,335,0,0
426,503,335,0,0
432,503,335,0,0
423,503,335,0,1
415,503,335,0,0
408,503,335,0,0
402,503,335,0,0
397,503,335,0,0
393,503,335,0,0
390,503,335,0,0
388,503,335,0,0
387,503,335,0,0
387,503,335,0,0
388,503,335,0,0
390,503,335,0,0
393,503,335,0,0
397,503,335,0,0
402,503,335,0,0
408,503,335,0,0
415,503,335,0,0
420,503,335,0,0
425,503,335,0,0
416,503,335,0,1
408,503,335,0,0
401,503,335,0,0
395,503,335,0,0
390,503,335,0,0
386,503,335,0,0
383,503,335,0,0
381,503,335,0,0
380,503,335,0,0
380,503,335,0,0
381,503,335,0,0
383,503,335,0,0
386,503,335,0,0
390,503,335,0,0
395,503,335,0,0
401,503,335,0,0
408,503,335,0,0
413,503,335,0,0
418,503,335,0,0
423,503,335,0,0
429,503,335,0,0
435,503,335,0,0
441,503,335,0,0
447,503,335,0,0
453,503,335,0,0
460,503,335,0,0
467,503,335,0,0
474,503,335,0,0
481,503,335,0,0
488,503,335,0,0
496,503,335,0,0
504,503,335,0,0
512,503,335,0,0
520,503,335,0,0
528,503,335,0,0
537,503,335,0,0
528,503,335,0,1
520,503,335,0,0
513,503,335,0,0
507,503,335,0,0
502,503,335,0,0
498,503,335,0,0
495,503,335,0,0
493,623,455,85,0
492,623,455,83,0
492,623,455,81,0
493,623,455,79,0
495,623,455,77,0
498,623,455,75,0
502,623,455,73,0
507,623,455,71,0
513,623,455,69,0
520,623,455,67,0
525,623,455,65,0
530,623,455,63,0
521,623,455,61,1
513,623,455,59,0
506,623,455,57,0
500,623,455,55,0
495,623,455,53,0
491,623,455,51,0
488,623,455,49,0
486,623,455,47,0
485,623,455,45,0
485,623,455,43,0
486,623,455,41,0
488,623,455,39,0
491,623,455,37,0
495,623,455,35,0
500,623,455,33,0
506,623,455,31,0
513,623,455,29,0
518,623,455,27,0
523,623,455,25,0
529,623,455,23,0
534,623,455,21,0
525,623,455,19,1
517,623,455,17,0
510,623,455,15,0
504,623,455,13,0
499,623,455,11,0
495,623,455,9,0
492,623,455,7,0
490,623,455,5,0
489,623,455,3,0
489,623,455,1,0
490,623,455,0,0
492,623,455,0,0
495,623,455,0,0
499,623,455,0,0
504,623,455,0,0
510,623,455,0,0
517,623,455,0,0
522,623,455,0,0
528,623,455,0,0
533,623,455,0,0
524,623,455,0,1
516,623,455,0,0
509,623,455,0,0
503,623,455,0,0
498,623,455,0,0
494,623,455,0,0
491,623,455,0,0
489,623,455,0,0
488,623,455,0,0
488,623,455,0,0
489,623,455,0,0
491,623,455,0,0
494,623,455,0,0
498,623,455,0,0
503,623,455,0,0
509,623,455,0,0
516,623,455,0,0
521,623,455,0,0
526,623,455,0,0
532,623,455,0,0
523,623,455,0,1
515,623,455,0,0
508,623,455,0,0
502,623,455,0,0
497,623,455,0,0
493,623,455,0,0
490,623,455,0,0
488,623,455,0,0
487,623,455,0,0
487,623,455,0,0
488,623,455,0,0
490,623,455,0,0
493,623,455,0,0
497,623,455,0,0
502,623,455,0,0
508,623,455,0,0
515,623,455,0,0
506,623,455,0,1
498,623,455,0,0
491,623,455,0,0
485,623,455,0,0
480,623,455,0,0
476,623,455,0,0
473,623,455,0,0
471,623,455,0,0
470,623,455,0,0
470,623,455,0,0
471,623,455,0,0
462,623,455,0,1
454,623,455,0,0
447,623,455,0,0
441,623,455,0,0
436,623,455,0,0
432,623,455,0,0
429,623,455,0,0
427,623,455,0,0
418,623,455,0,1
410,623,455,0,0
403,623,455,0,0
397,623,455,0,0
392,623,455,0,0
388,623,455,0,0
385,623,455,0,0
383,411,243,103,0
382,411,243,101,0
382,411,243,99,0
383,411,243,97,0
374,411,243,95,1
366,411,243,93,0
359,411,243,91,0
353,411,243,89,0
348,411,243,87,0
344,411,243,85,0
341,411,243,83,0
339,411,243,81,0
338,411,243,79,0
338,411,243,77,0
339,411,243,75,0
330,411,243,73,1
322,411,243,71,0
315,411,243,69,0
309,411,243,67,0
304,411,243,65,0
300,411,243,63,0
297,411,243,61,0
295,411,243,59,0
294,411,243,57,0
294,411,243,55,0
295,411,243,53,0
297,411,243,51,0
300,411,243,49,0
304,411,243,47,0
309,411,243,45,0
315,411,243,43,0
322,411,243,41,0
327,411,243,39,0
332,411,243,37,0
323,411,243,35,1
315,411,243,33,0
308,411,243,31,0
302,411,243,29,0
297,411,243,27,0
293,411,243,25,0
290,411,243,23,0
288,411,243,21,0
287,411,243,19,0
287,411,243,17,0
288,411,243,15,0
290,411,243,13,0
293,411,243,11,0
297,411,243,9,0
302,411,243,7,0
308,411,243,5,0
299,411,243,3,1
291,411,243,1,0
284,411,243,0,0
278,411,243,0,0
273,411,243,0,0
269,411,243,0,0
266,411,243,0,0
264,411,243,0,0
263,411,243,0,0
263,411,243,0,0
264,411,243,0,0
266,411,243,0,0
269,411,243,0,0
273,411,243,0,0
278,411,243,0,0
284,411,243,0,0
291,411,243,0,0
296,411,243,0,0
301,411,243,0,0
306,411,243,0,0
312,411,243,0,0
303,411,243,0,1
295,411,243,0,0
288,411,243,0,0
282,411,243,0,0
277,411,243,0,0
273,411,243,0,0
270,411,243,0,0
268,411,243,0,0
267,411,243,0,0
267,411,243,0,0
268,411,243,0,0
270,411,243,0,0
273,411,243,0,0
277,411,243,0,0
282,411,243,0,0
288,411,243,0,0
295,411,243,0,0
300,411,243,0,0
305,411,243,0,0
311,411,243,0,0
316,411,243,0,0
322,411,243,0,0
328,411,243,0,0
334,411,243,0,0
341,411,243,0,0
347,411,243,0,0
354,411,243,0,0
361,411,243,0,0
368,411,243,0,0
376,411,243,0,0
383,411,243,0,0
391,411,243,0,0
399,411,243,0,0
407,411,243,0,0
416,411,243,0,0
424,411,243,0,0
433,411,243,0,0
442,411,243,0,0
451,411,243,0,0
461,411,243,0,0
452,411,243,0,1
444,411,243,0,0
437,411,243,0,0
431,411,243,0,0
426,411,243,0,0
422,411,243,0,0
419,411,243,0,0
417,411,243,0,0
416,411,243,0,0
416,411,243,0,0
417,411,243,0,0
419,411,243,0,0
422,411,243,0,0
426,411,243,0,0
431,624,456,85,0
437,624,456,83,0
444,624,456,81,0
449,624,456,79,0
454,624,456,77,0
459,624,456,75,0
465,624,456,73,0
471,624,456,71,0
477,624,456,69,0
483,624,456,67,0
489,624,456,65,0
496,624,456,63,0
487,624,456,61,1
479,624,456,59,0
472,624,456,57,0
466,624,456,55,0
461,624,456,53,0
457,624,456,51,0
