355,410,230,333,0
360,410,230,331,0
365,410,230,329,0
371,410,230,327,0
377,410,230,325,0
383,410,230,323,0
389,410,230,321,0
395,410,230,319,0
402,410,230,317,0
409,410,230,315,0
400,410,230,313,1
392,410,230,311,0
385,410,230,309,0
379,410,230,307,0
374,410,230,305,0
370,410,230,303,0
367,410,230,301,0
365,410,230,299,0
364,410,230,297,0
364,410,230,295,0
365,410,230,293,0
367,410,230,291,0
370,410,230,289,0
374,410,230,287,0
379,410,230,285,0
385,410,230,283,0
392,410,230,281,0
397,410,230,279,0
402,410,230,277,0
407,410,230,275,0
413,410,230,273,0
419,410,230,271,0
425,410,230,269,0
416,410,230,267,1
408,410,230,265,0
401,410,230,263,0
395,410,230,261,0
390,410,230,259,0
386,410,230,257,0
383,410,230,255,0
381,410,230,253,0
380,410,230,251,0
380,410,230,249,0
381,410,230,247,0
383,410,230,245,0
386,410,230,243,0
390,410,230,241,0
395,410,230,239,0
401,410,230,237,0
392,410,230,235,1
384,410,230,233,0
377,410,230,231,0
371,410,230,229,0
366,410,230,227,0
362,410,230,225,0
359,410,230,223,0
357,410,230,221,0
356,410,230,219,0
356,410,230,217,0
357,410,230,215,0
359,410,230,213,0
362,410,230,211,0
353,410,230,209,1
345,410,230,207,0
338,410,230,205,0
332,410,230,203,0
327,410,230,201,0
323,410,230,199,0
320,410,230,197,0
318,410,230,195,0
317,410,230,193,0
317,410,230,191,0
308,410,230,189,1
300,410,230,187,0
293,410,230,185,0
287,410,230,183,0
282,410,230,181,0
278,410,230,179,0
275,410,230,177,0
273,410,230,175,0
272,410,230,173,0
272,410,230,171,0
273,410,230,169,0
275,410,230,167,0
278,410,230,165,0
282,410,230,163,0
287,410,230,161,0
293,410,230,159,0
284,410,230,157,1
276,410,230,155,0
269,410,230,153,0
263,410,230,151,0
258,410,230,149,0
254,410,230,147,0
251,410,230,145,0
249,410,230,143,0
248,410,230,141,0
248,410,230,139,0
249,410,230,137,0
251,410,230,135,0
254,410,230,133,0
258,410,230,131,0
263,410,230,129,0
269,410,230,127,0
276,410,230,125,0
281,410,230,123,0
286,410,230,121,0
291,410,230,119,0
282,410,230,117,1
274,410,230,115,0
267,410,230,113,0
261,410,230,111,0
256,410,230,109,0
252,410,230,107,0
249,410,230,105,0
247,410,230,103,0
246,410,230,101,0
246,410,230,99,0
247,410,230,97,0
249,410,230,95,0
252,410,230,93,0
256,410,230,91,0
261,410,230,89,0
267,410,230,87,0
274,410,230,85,0
279,410,230,83,0
284,410,230,81,0
290,410,230,79,0
295,410,230,77,0
301,410,230,75,0
307,410,230,73,0
313,410,230,71,0
320,410,230,69,0
326,410,230,67,0
317,410,230,65,1
309,410,230,63,0
302,410,230,61,0
296,410,230,59,0
291,410,230,57,0
287,410,230,55,0
284,410,230,53,0
282,410,230,51,0
281,410,230,49,0
281,410,230,47,0
282,410,230,45,0
284,410,230,43,0
287,410,230,41,0
291,410,230,39,0
296,410,230,37,0
302,410,230,35,0
309,410,230,33,0
314,410,230,31,0
319,410,230,29,0
325,410,230,27,0
316,410,230,25,1
308,410,230,23,0
301,410,230,21,0
295,410,230,19,0
290,410,230,17,0
286,410,230,15,0
283,410,230,13,0
281,410,230,11,0
280,410,230,9,0
280,410,230,7,0
281,410,230,5,0
283,410,230,3,0
286,410,230,1,0
290,410,230,0,0
295,410,230,0,0
301,410,230,0,0
308,410,230,0,0
313,410,230,0,0
318,410,230,0,0
323,410,230,0,0
314,410,230,0,1
306,410,230,0,0
299,410,230,0,0
293,410,230,0,0
288,410,230,0,0
284,410,230,0,0
281,410,230,0,0
279,410,230,0,0
278,410,230,0,0
278,410,230,0,0
279,410,230,0,0
281,410,230,0,0
284,410,230,0,0
288,410,230,0,0
293,410,230,0,0
299,410,230,0,0
306,410,230,0,0
297,410,230,0,1
289,410,230,0,0
282,410,230,0,0
276,410,230,0,0
271,410,230,0,0
267,410,230,0,0
264,410,230,0,0
262,410,230,0,0
261,410,230,0,0
261,410,230,0,0
262,410,230,0,0
264,410,230,0,0
267,410,230,0,0
271,410,230,0,0
276,410,230,0,0
282,410,230,0,0
289,410,230,0,0
294,410,230,0,0
300,410,230,0,0
305,410,230,0,0
311,410,230,0,0
316,410,230,0,0
322,410,230,0,0
313,410,230,0,1
305,410,230,0,0
298,410,230,0,0
292,410,230,0,0
287,410,230,0,0
283,410,230,0,0
280,410,230,0,0
278,410,230,0,0
277,410,230,0,0
277,410,230,0,0
278,410,230,0,0
280,410,230,0,0
283,410,230,0,0
287,410,230,0,0
292,410,230,0,0
298,410,230,0,0
305,410,230,0,0
310,410,230,0,0
301,410,230,0,1
293,410,230,0,0
286,410,230,0,0
280,410,230,0,0
275,410,230,0,0
271,410,230,0,0
268,410,230,0,0
266,410,230,0,0
265,446,266,103,0
265,446,266,101,0
266,446,266,99,0
268,446,266,97,0
271,446,266,95,0
275,446,266,93,0
280,446,266,91,0
286,446,266,89,0
293,446,266,87,0
298,446,266,85,0
304,446,266,83,0
309,446,266,81,0
315,446,266,79,0
320,446,266,77,0
326,446,266,75,0
317,446,266,73,1
309,446,266,71,0
302,446,266,69,0
296,446,266,67,0
291,446,266,65,0
287,446,266,63,0
284,446,266,61,0
282,446,266,59,0
281,446,266,57,0
281,446,266,55,0
282,446,266,53,0
284,446,266,51,0
287,446,266,49,0
291,446,266,47,0
296,446,266,45,0
302,446,266,43,0
309,446,266,41,0
314,446,266,39,0
320,446,266,37,0
325,446,266,35,0
331,446,266,33,0
322,446,266,31,1
314,446,266,29,0
307,446,266,27,0
301,446,266,25,0
296,446,266,23,0
292,446,266,21,0
289,446,266,19,0
287,446,266,17,0
286,446,266,15,0
286,446,266,13,0
287,446,266,11,0
289,446,266,9,0
292,446,266,7,0
296,446,266,5,0
301,446,266,3,0
307,446,266,1,0
314,446,266,0,0
319,446,266,0,0
324,446,266,0,0
329,446,266,0,0
335,446,266,0,0
326,446,266,0,1
318,446,266,0,0
311,446,266,0,0
305,446,266,0,0
300,446,266,0,0
296,446,266,0,0
293,446,266,0,0
291,446,266,0,0
290,446,266,0,0
290,446,266,0,0
291,446,266,0,0
293,446,266,0,0
296,446,266,0,0
300,446,266,0,0
305,446,266,0,0
311,446,266,0,0
318,446,266,0,0
323,446,266,0,0
328,446,266,0,0
333,446,266,0,0
339,446,266,0,0
345,446,266,0,0
351,446,266,0,0
357,446,266,0,0
348,446,266,0,1
340,446,266,0,0
333,446,266,0,0
327,446,266,0,0
322,446,266,0,0
318,446,266,0,0
315,446,266,0,0
313,446,266,0,0
312,446,266,0,0
312,446,266,0,0
313,446,266,0,0
315,446,266,0,0
318,446,266,0,0
322,446,266,0,0
327,446,266,0,0
333,446,266,0,0
340,446,266,0,0
345,446,266,0,0
336,446,266,0,1
328,446,266,0,0
321,446,266,0,0
315,446,266,0,0
310,446,266,0,0
306,446,266,0,0
303,446,266,0,0
301,446,266,0,0
300,446,266,0,0
300,446,266,0,0
301,446,266,0,0
303,446,266,0,0
306,446,266,0,0
310,446,266,0,0
315,446,266,0,0
321,446,266,0,0
328,446,266,0,0
333,446,266,0,0
338,446,266,0,0
344,446,266,0,0
349,446,266,0,0
355,446,266,0,0
361,446,266,0,0
367,446,266,0,0
374,446,266,0,0
380,446,266,0,0
387,516,336,85,0
394,516,336,83,0
401,516,336,81,0
409,516,336,79,0
416,516,336,77,0
424,516,336,75,0
432,516,336,73,0
440,516,336,71,0
431,516,336,69,1
423,516,336,67,0
416,516,336,65,0
410,516,336,63,0
405,516,336,61,0
401,516,336,59,0
398,516,336,57,0
396,516,336,55,0
395,516,336,53,0
395,516,336,51,0
396,516,336,49,0
398,516,336,47,0
401,516,336,45,0
405,516,336,43,0
410,516,336,41,0
416,516,336,39,0
423,516,336,37,0
428,516,336,35,0
419,516,336,33,1
411,516,336,31,0
404,516,336,29,0
398,516,336,27,0
393,516,336,25,0
389,516,336,23,0
386,516,336,21,0
384,516,336,19,0
383,516,336,17,0
383,516,336,15,0
384,516,336,13,0
386,516,336,11,0
389,516,336,9,0
393,516,336,7,0
398,516,336,5,0
404,516,336,3,0
411,516,336,1,0
416,516,336,0,0
421,516,336,0,0
412,516,336,0,1
404,516,336,0,0
397,516,336,0,0
391,516,336,0,0
386,516,336,0,0
382,516,336,0,0
379,516,336,0,0
377,516,336,0,0
376,516,336,0,0
376,516,336,0,0
377,516,336,0,0
379,516,336,0,0
382,516,336,0,0
386,516,336,0,0
391,516,336,0,0
397,516,336,0,0
404,516,336,0,0
395,516,336,0,1
387,516,336,0,0
380,516,336,0,0
374,516,336,0,0
369,516,336,0,0
365,516,336,0,0
362,516,336,0,0
360,516,336,0,0
359,516,336,0,0
359,516,336,0,0
360,516,336,0,0
362,516,336,0,0
365,516,336,0,0
369,516,336,0,0
374,516,336,0,0
380,516,336,0,0
387,516,336,0,0
392,516,336,0,0
398,516,336,0,0
403,516,336,0,0
409,516,336,0,0
414,516,336,0,0
405,516,336,0,1
397,516,336,0,0
390,516,336,0,0
384,516,336,0,0
379,516,336,0,0
375,516,336,0,0
372,516,336,0,0
370,516,336,0,0
369,516,336,0,0
369,516,336,0,0
370,516,336,0,0
372,516,336,0,0
375,516,336,0,0
379,516,336,0,0
384,516,336,0,0
375,516,336,0,1
367,516,336,0,0
360,516,336,0,0
354,516,336,0,0
349,516,336,0,0
345,516,336,0,0
342,516,336,0,0
340,516,336,0,0
339,516,336,0,0
339,516,336,0,0
340,516,336,0,0
342,516,336,0,0
345,516,336,0,0
349,516,336,0,0
354,516,336,0,0
360,516,336,0,0
367,516,336,0,0
372,545,365,103,0
378,545,365,101,0
383,545,365,99,0
389,545,365,97,0
394,545,365,95,0
400,545,365,93,0
407,545,365,91,0
413,545,365,89,0
420,545,365,87,0
426,545,365,85,0
417,545,365,83,1
409,545,365,81,0
402,545,365,79,0
396,545,365,77,0
391,545,365,75,0
387,545,365,73,0
384,545,365,71,0
382,545,365,69,0
381,545,365,67,0
381,545,365,65,0
382,545,365,63,0
384,545,365,61,0
387,545,365,59,0
391,545,365,57,0
396,545,365,55,0
402,545,365,53,0
409,545,365,51,0
414,545,365,49,0
420,545,365,47,0
425,545,365,45,0
431,545,365,43,0
436,545,365,41,0
427,545,365,39,1
419,545,365,37,0
412,545,365,35,0
406,545,365,33,0
401,545,365,31,0
397,545,365,29,0
394,545,365,27,0
392,545,365,25,0
391,545,365,23,0
391,545,365,21,0
392,545,365,19,0
394,545,365,17,0
397,545,365,15,0
401,545,365,13,0
406,545,365,11,0
412,545,365,9,0
419,545,365,7,0
424,545,365,5,0
430,545,365,3,0
435,545,365,1,0
441,545,365,0,0
446,545,365,0,0
452,545,365,0,0
459,545,365,0,0
450,545,365,0,1
442,545,365,0,0
435,545,365,0,0
429,545,365,0,0
424,545,365,0,0
420,545,365,0,0
417,545,365,0,0
415,545,365,0,0
414,545,365,0,0
414,545,365,0,0
415,545,365,0,0
417,545,365,0,0
420,545,365,0,0
424,545,365,0,0
429,545,365,0,0
435,545,365,0,0
442,545,365,0,0
447,545,365,0,0
452,545,365,0,0
457,545,365,0,0
463,545,365,0,0
454,545,365,0,1
446,545,365,0,0
439,545,365,0,0
433,545,365,0,0
428,545,365,0,0
424,545,365,0,0
421,545,365,0,0
419,545,365,0,0
418,545,365,0,0
418,545,365,0,0
419,545,365,0,0
421,545,365,0,0
424,545,365,0,0
428,545,365,0,0
433,545,365,0,0
439,545,365,0,0
430,545,365,0,1
422,545,365,0,0
415,545,365,0,0
409,545,365,0,0
404,545,365,0,0
400,545,365,0,0
397,545,365,0,0
395,545,365,0,0
394,545,365,0,0
394,545,365,0,0
395,545,365,0,0
397,545,365,0,0
400,545,365,0,0
404,545,365,0,0
409,545,365,0,0
415,545,365,0,0
422,545,365,0,0
413,545,365,0,1
405,545,365,0,0
398,545,365,0,0
392,545,365,0,0
387,545,365,0,0
383,545,365,0,0
380,545,365,0,0
378,545,365,0,0
377,545,365,0,0
377,545,365,0,0
368,545,365,0,1
360,545,365,0,0
353,545,365,0,0
347,545,365,0,0
342,545,365,0,0
338,452,272,85,0
335,452,272,83,0
333,452,272,81,0
332,452,272,79,0
332,452,272,77,0
333,452,272,75,0
335,452,272,73,0
338,452,272,71,0
342,452,272,69,0
347,452,272,67,0
353,452,272,65,0
360,452,272,63,0
365,452,272,61,0
356,452,272,59,1
348,452,272,57,0
341,452,272,55,0
335,452,272,53,0
330,452,272,51,0
326,452,272,49,0
323,452,272,47,0
321,452,272,45,0
320,452,272,43,0
320,452,272,41,0
321,452,272,39,0
323,452,272,37,0
326,452,272,35,0
330,452,272,33,0
335,452,272,31,0
341,452,272,29,0
348,452,272,27,0
353,452,272,25,0
358,452,272,23,0
349,452,272,21,1
341,452,272,19,0
334,452,272,17,0
328,452,272,15,0
323,452,272,13,0
319,452,272,11,0
316,452,272,9,0
314,452,272,7,0
313,452,272,5,0
313,452,272,3,0
314,452,272,1,0
316,452,272,0,0
319,452,272,0,0
323,452,272,0,0
328,452,272,0,0
334,452,272,0,0
341,452,272,0,0
346,452,272,0,0
351,452,272,0,0
357,452,272,0,0
362,452,272,0,0
353,452,272,0,1
345,452,272,0,0
338,452,272,0,0
332,452,272,0,0
327,452,272,0,0
323,452,272,0,0
320,452,272,0,0
318,452,272,0,0
317,452,272,0,0
317,452,272,0,0
318,452,272,0,0
320,452,272,0,0
323,452,272,0,0
327,452,272,0,0
332,452,272,0,0
338,452,272,0,0
345,452,272,0,0
350,452,272,0,0
355,452,272,0,0
361,452,272,0,0
352,452,272,0,1
344,452,272,0,0
337,452,272,0,0
331,452,272,0,0
326,452,272,0,0
322,452,272,0,0
319,452,272,0,0
317,452,272,0,0
316,452,272,0,0
316,452,272,0,0
317,452,272,0,0
319,452,272,0,0
322,452,272,0,0
326,452,272,0,0
331,452,272,0,0
337,452,272,0,0
344,452,272,0,0
349,452,272,0,0
354,452,272,0,0
359,452,272,0,0
350,452,272,0,1
342,452,272,0,0
335,452,272,0,0
329,452,272,0,0
324,452,272,0,0
320,452,272,0,0
317,452,272,0,0
315,452,272,0,0
314,452,272,0,0
314,452,272,0,0
315,452,272,0,0
317,452,272,0,0
320,452,272,0,0
324,452,272,0,0
329,452,272,0,0
335,452,272,0,0
342,452,272,0,0
347,452,272,0,0
353,452,272,0,0
358,452,272,0,0
364,452,272,0,0
369,452,272,0,0
375,452,272,0,0
382,526,346,103,0
388,526,346,101,0
395,526,346,99,0
401,526,346,97,0
408,526,346,95,0
416,526,346,93,0
423,526,346,91,0
431,526,346,89,0
438,526,346,87,0
446,526,346,85,0
455,526,346,83,0
463,526,346,81,0
472,526,346,79,0
480,526,346,77,0
471,526,346,75,1
463,526,346,73,0
456,526,346,71,0
450,526,346,69,0
445,526,346,67,0
441,526,346,65,0
438,526,346,63,0
436,526,346,61,0
435,526,346,59,0
435,526,346,57,0
436,526,346,55,0
438,526,346,53,0
429,526,346,51,1
421,526,346,49,0
414,526,346,47,0
408,526,346,45,0
403,526,346,43,0
399,526,346,41,0
396,526,346,39,0
394,526,346,37,0
393,526,346,35,0
393,526,346,33,0
394,526,346,31,0
396,526,346,29,0
399,526,346,27,0
403,526,346,25,0
408,526,346,23,0
399,526,346,21,1
391,526,346,19,0
384,526,346,17,0
378,526,346,15,0
373,526,346,13,0
369,526,346,11,0
366,526,346,9,0
364,526,346,7,0
363,526,346,5,0
363,526,346,3,0
364,526,346,1,0
366,526,346,0,0
369,526,346,0,0
373,526,346,0,0
378,526,346,0,0
384,526,346,0,0
391,526,346,0,0
396,526,346,0,0
402,526,346,0,0
407,526,346,0,0
413,526,346,0,0
404,526,346,0,1
396,526,346,0,0
389,526,346,0,0
383,526,346,0,0
378,526,346,0,0
374,526,346,0,0
371,526,346,0,0
369,526,346,0,0
368,526,346,0,0
368,526,346,0,0
369,526,346,0,0
371,526,346,0,0
374,526,346,0,0
378,526,346,0,0
383,526,346,0,0
389,526,346,0,0
396,526,346,0,0
401,526,346,0,0
406,526,346,0,0
411,526,346,0,0
417,526,346,0,0
423,526,346,0,0
429,526,346,0,0
435,526,346,0,0
441,526,346,0,0
432,526,346,0,1
424,526,346,0,0
417,526,346,0,0
411,526,346,0,0
406,526,346,0,0
402,526,346,0,0
399,526,346,0,0
397,526,346,0,0
396,526,346,0,0
396,526,346,0,0
397,526,346,0,0
399,526,346,0,0
402,526,346,0,0
406,526,346,0,0
411,526,346,0,0
417,526,346,0,0
424,526,346,0,0
429,526,346,0,0
434,526,346,0,0
440,526,346,0,0
445,526,346,0,0
436,526,346,0,1
428,526,346,0,0
421,526,346,0,0
415,526,346,0,0
410,526,346,0,0
406,526,346,0,0
403,526,346,0,0
401,526,346,0,0
400,526,346,0,0
400,526,346,0,0
401,526,346,0,0
403,526,346,0,0
406,526,346,0,0
410,526,346,0,0
415,526,346,0,0
421,526,346,0,0
428,526,346,0,0
433,579,399,85,0
439,579,399,83,0
444,579,399,81,0
450,579,399,79,0
455,579,399,77,0
461,579,399,75,0
468,579,399,73,0
474,579,399,71,0
481,579,399,69,0
487,579,399,67,0
494,579,399,65,0
502,579,399,63,0
509,579,399,61,0
500,579,399,59,1
492,579,399,57,0
485,579,399,55,0
479,579,399,53,0
474,579,399,51,0
470,579,399,49,0
467,579,399,47,0
465,579,399,45,0
464,579,399,43,0
464,579,399,41,0
465,579,399,39,0
467,579,399,37,0
470,579,399,35,0
474,579,399,33,0
479,579,399,31,0
485,579,399,29,0
492,579,399,27,0
497,579,399,25,0
502,579,399,23,0
508,579,399,21,0
499,579,399,19,1
491,579,399,17,0
484,579,399,15,0
478,579,399,13,0
473,579,399,11,0
469,579,399,9,0
466,579,399,7,0
464,579,399,5,0
463,579,399,3,0
463,579,399,1,0
464,579,399,0,0
466,579,399,0,0
469,579,399,0,0
473,579,399,0,0
478,579,399,0,0
484,579,399,0,0
491,579,399,0,0
496,579,399,0,0
501,579,399,0,0
506,579,399,0,0
497,579,399,0,1
489,579,399,0,0
482,579,399,0,0
476,579,399,0,0
471,579,399,0,0
467,579,399,0,0
464,579,399,0,0
462,579,399,0,0
461,579,399,0,0
461,579,399,0,0
462,579,399,0,0
464,579,399,0,0
467,579,399,0,0
471,579,399,0,0
476,579,399,0,0
482,579,399,0,0
489,579,399,0,0
494,579,399,0,0
485,579,399,0,1
477,579,399,0,0
470,579,399,0,0
464,579,399,0,0
459,579,399,0,0
455,579,399,0,0
452,579,399,0,0
450,579,399,0,0
449,579,399,0,0
449,579,399,0,0
450,579,399,0,0
452,579,399,0,0
455,579,399,0,0
459,579,399,0,0
464,579,399,0,0
470,579,399,0,0
477,579,399,0,0
482,579,399,0,0
487,579,399,0,0
493,579,399,0,0
484,579,399,0,1
476,579,399,0,0
469,579,399,0,0
463,579,399,0,0
458,579,399,0,0
454,579,399,0,0
451,579,399,0,0
449,579,399,0,0
448,579,399,0,0
448,579,399,0,0
449,579,399,0,0
451,579,399,0,0
454,579,399,0,0
458,579,399,0,0
463,579,399,0,0
469,579,399,0,0
476,579,399,0,0
467,579,399,0,1
459,579,399,0,0
452,579,399,0,0
446,579,399,0,0
441,579,399,0,0
437,579,399,0,0
434,579,399,0,0
432,579,399,0,0
431,540,360,103,0
431,540,360,101,0
432,540,360,99,0
434,540,360,97,0
437,540,360,95,0
441,540,360,93,0
446,540,360,91,0
452,540,360,89,0
459,540,360,87,0
464,540,360,85,0
469,540,360,83,0
460,540,360,81,1
452,540,360,79,0
445,540,360,77,0
439,540,360,75,0
434,540,360,73,0
430,540,360,71,0
427,540,360,69,0
425,540,360,67,0
424,540,360,65,0
424,540,360,63,0
425,540,360,61,0
427,540,360,59,0
430,540,360,57,0
434,540,360,55,0
439,540,360,53,0
445,540,360,51,0
452,540,360,49,0
457,540,360,47,0
448,540,360,45,1
440,540,360,43,0
433,540,360,41,0
427,540,360,39,0
422,540,360,37,0
418,540,360,35,0
415,540,360,33,0
413,540,360,31,0
412,540,360,29,0
412,540,360,27,0
413,540,360,25,0
415,540,360,23,0
418,540,360,21,0
422,540,360,19,0
427,540,360,17,0
433,540,360,15,0
440,540,360,13,0
445,540,360,11,0
450,540,360,9,0
456,540,360,7,0
461,540,360,5,0
452,540,360,3,1
444,540,360,1,0
437,540,360,0,0
431,540,360,0,0
426,540,360,0,0
422,540,360,0,0
419,540,360,0,0
417,540,360,0,0
416,540,360,0,0
416,540,360,0,0
417,540,360,0,0
419,540,360,0,0
422,540,360,0,0
426,540,360,0,0
431,540,360,0,0
437,540,360,0,0
444,540,360,0,0
435,540,360,0,1
427,540,360,0,0
420,540,360,0,0
414,540,360,0,0
409,540,360,0,0
405,540,360,0,0
402,540,360,0,0
400,540,360,0,0
399,540,360,0,0
399,540,360,0,0
400,540,360,0,0
402,540,360,0,0
405,540,360,0,0
409,540,360,0,0
414,540,360,0,0
420,540,360,0,0
427,540,360,0,0
432,540,360,0,0
437,540,360,0,0
443,540,360,0,0
448,540,360,0,0
439,540,360,0,1
431,540,360,0,0
424,540,360,0,0
418,540,360,0,0
413,540,360,0,0
409,540,360,0,0
406,540,360,0,0
404,540,360,0,0
403,540,360,0,0
403,540,360,0,0
404,540,360,0,0
406,540,360,0,0
409,540,360,0,0
413,540,360,0,0
418,540,360,0,0
424,540,360,0,0
431,540,360,0,0
436,540,360,0,0
442,540,360,0,0
447,540,360,0,0
453,540,360,0,0
444,540,360,0,1
436,540,360,0,0
429,540,360,0,0
423,540,360,0,0
418,540,360,0,0
414,540,360,0,0
411,540,360,0,0
409,540,360,0,0
408,540,360,0,0
408,540,360,0,0
409,540,360,0,0
411,540,360,0,0
414,540,360,0,0
418,540,360,0,0
423,540,360,0,0
429,540,360,0,0
436,544,364,85,0
441,544,364,83,0
446,544,364,81,0
451,544,364,79,0
442,544,364,77,1
434,544,364,75,0
427,544,364,73,0
421,544,364,71,0
416,544,364,69,0
412,544,364,67,0
409,544,364,65,0
407,544,364,63,0
406,544,364,61,0
406,544,364,59,0
407,544,364,57,0
409,544,364,55,0
412,544,364,53,0
416,544,364,51,0
421,544,364,49,0
427,544,364,47,0
434,544,364,45,0
439,544,364,43,0
444,544,364,41,0
450,544,364,39,0
455,544,364,37,0
461,544,364,35,0
467,544,364,33,0
473,544,364,31,0
480,544,364,29,0
471,544,364,27,1
463,544,364,25,0
456,544,364,23,0
450,544,364,21,0
445,544,364,19,0
441,544,364,17,0
438,544,364,15,0
436,544,364,13,0
435,544,364,11,0
435,544,364,9,0
436,544,364,7,0
438,544,364,5,0
441,544,364,3,0
445,544,364,1,0
450,544,364,0,0
456,544,364,0,0
463,544,364,0,0
468,544,364,0,0
473,544,364,0,0
464,544,364,0,1
456,544,364,0,0
449,544,364,0,0
443,544,364,0,0
438,544,364,0,0
434,544,364,0,0
431,544,364,0,0
429,544,364,0,0
428,544,364,0,0
428,544,364,0,0
429,544,364,0,0
431,544,364,0,0
434,544,364,0,0
438,544,364,0,0
443,544,364,0,0
449,544,364,0,0
456,544,364,0,0
447,544,364,0,1
439,544,364,0,0
432,544,364,0,0
426,544,364,0,0
421,544,364,0,0
417,544,364,0,0
414,544,364,0,0
412,544,364,0,0
411,544,364,0,0
411,544,364,0,0
412,544,364,0,0
414,544,364,0,0
417,544,364,0,0
421,544,364,0,0
426,544,364,0,0
432,544,364,0,0
439,544,364,0,0
444,544,364,0,0
449,544,364,0,0
455,544,364,0,0
446,544,364,0,1
438,544,364,0,0
431,544,364,0,0
425,544,364,0,0
420,544,364,0,0
416,544,364,0,0
413,544,364,0,0
411,544,364,0,0
410,544,364,0,0
410,544,364,0,0
411,544,364,0,0
413,544,364,0,0
416,544,364,0,0
420,544,364,0,0
425,544,364,0,0
431,544,364,0,0
438,544,364,0,0
443,544,364,0,0
448,544,364,0,0
453,544,364,0,0
459,544,364,0,0
450,544,364,0,1
442,544,364,0,0
435,544,364,0,0
429,544,364,0,0
424,544,364,0,0
420,544,364,0,0
417,544,364,0,0
415,544,364,0,0
414,544,364,0,0
414,544,364,0,0
415,515,335,103,0
417,515,335,101,0
420,515,335,99,0
424,515,335,97,0
429,515,335,95,0
435,515,335,93,0
442,515,335,91,0
447,515,335,89,0
438,515,335,87,1
430,515,335,85,0
423,515,335,83,0
417,515,335,81,0
412,515,335,79,0
408,515,335,77,0
405,515,335,75,0
403,515,335,73,0
402,515,335,71,0
402,515,335,69,0
403,515,335,67,0
405,515,335,65,0
408,515,335,63,0
412,515,335,61,0
417,515,335,59,0
423,515,335,57,0
414,515,335,55,1
406,515,335,53,0
399,515,335,51,0
393,515,335,49,0
388,515,335,47,0
384,515,335,45,0
381,515,335,43,0
379,515,335,41,0
378,515,335,39,0
378,515,335,37,0
379,515,335,35,0
381,515,335,33,0
384,515,335,31,0
388,515,335,29,0
393,515,335,27,0
399,515,335,25,0
406,515,335,23,0
411,515,335,21,0
416,515,335,19,0
421,515,335,17,0
412,515,335,15,1
404,515,335,13,0
397,515,335,11,0
391,515,335,9,0
386,515,335,7,0
382,515,335,5,0
379,515,335,3,0
377,515,335,1,0
376,515,335,0,0
376,515,335,0,0
377,515,335,0,0
379,515,335,0,0
382,515,335,0,0
386,515,335,0,0
391,515,335,0,0
397,515,335,0,0
404,515,335,0,0
409,515,335,0,0
415,515,335,0,0
420,515,335,0,0
426,515,335,0,0
431,515,335,0,0
422,515,335,0,1
414,515,335,0,0
407,515,335,0,0
401,515,335,0,0
396,515,335,0,0
392,515,335,0,0
389,515,335,0,0
387,515,335,0,0
386,515,335,0,0
386,515,335,0,0
387,515,335,0,0
389,515,335,0,0
392,515,335,0,0
396,515,335,0,0
401,515,335,0,0
407,515,335,0,0
414,515,335,0,0
405,515,335,0,1
397,515,335,0,0
390,515,335,0,0
384,515,335,0,0
379,515,335,0,0
375,515,335,0,0
372,515,335,0,0
370,515,335,0,0
369,515,335,0,0
369,515,335,0,0
370,515,335,0,0
372,515,335,0,0
375,515,335,0,0
379,515,335,0,0
384,515,335,0,0
390,515,335,0,0
397,515,335,0,0
402,515,335,0,0
408,515,335,0,0
413,515,335,0,0
404,515,335,0,1
396,515,335,0,0
389,515,335,0,0
383,515,335,0,0
378,515,335,0,0
374,515,335,0,0
371,515,335,0,0
369,515,335,0,0
368,515,335,0,0
368,515,335,0,0
369,515,335,0,0
371,515,335,0,0
374,515,335,0,0
378,515,335,0,0
383,515,335,0,0
389,515,335,0,0
396,515,335,0,0
401,515,335,0,0
406,515,335,0,0
412,515,335,0,0
403,515,335,0,1
395,515,335,0,0
388,529,349,85,0
382,529,349,83,0
377,529,349,81,0
373,529,349,79,0
370,529,349,77,0
368,529,349,75,0
367,529,349,73,0
367,529,349,71,0
368,529,349,69,0
370,529,349,67,0
373,529,349,65,0
377,529,349,63,0
382,529,349,61,0
388,529,349,59,0
395,529,349,57,0
400,529,349,55,0
405,529,349,53,0
410,529,349,51,0
416,529,349,49,0
422,529,349,47,0
428,529,349,45,0
434,529,349,43,0
440,529,349,41,0
431,529,349,39,1
423,529,349,37,0
416,529,349,35,0
410,529,349,33,0
405,529,349,31,0
401,529,349,29,0
398,529,349,27,0
396,529,349,25,0
395,529,349,23,0
395,529,349,21,0
396,529,349,19,0
398,529,349,17,0
401,529,349,15,0
405,529,349,13,0
410,529,349,11,0
416,529,349,9,0
423,529,349,7,0
428,529,349,5,0
433,529,349,3,0
439,529,349,1,0
444,529,349,0,0
450,529,349,0,0
456,529,349,0,0
462,529,349,0,0
453,529,349,0,1
445,529,349,0,0
438,529,349,0,0
432,529,349,0,0
427,529,349,0,0
423,529,349,0,0
420,529,349,0,0
418,529,349,0,0
417,529,349,0,0
417,529,349,0,0
418,529,349,0,0
420,529,349,0,0
423,529,349,0,0
427,529,349,0,0
432,529,349,0,0
438,529,349,0,0
445,529,349,0,0
450,529,349,0,0
441,529,349,0,1
433,529,349,0,0
426,529,349,0,0
420,529,349,0,0
415,529,349,0,0
411,529,349,0,0
408,529,349,0,0
406,529,349,0,0
405,529,349,0,0
405,529,349,0,0
406,529,349,0,0
408,529,349,0,0
411,529,349,0,0
415,529,349,0,0
420,529,349,0,0
426,529,349,0,0
433,529,349,0,0
438,529,349,0,0
429,529,349,0,1
421,529,349,0,0
414,529,349,0,0
408,529,349,0,0
403,529,349,0,0
399,529,349,0,0
396,529,349,0,0
394,529,349,0,0
393,529,349,0,0
393,529,349,0,0
394,529,349,0,0
396,529,349,0,0
399,529,349,0,0
403,529,349,0,0
408,529,349,0,0
414,529,349,0,0
421,529,349,0,0
426,529,349,0,0
432,529,349,0,0
423,529,349,0,1
415,529,349,0,0
408,529,349,0,0
402,529,349,0,0
397,529,349,0,0
393,529,349,0,0
390,529,349,0,0
388,529,349,0,0
387,529,349,0,0
387,529,349,0,0
388,529,349,0,0
390,529,349,0,0
393,529,349,0,0
397,529,349,0,0
402,538,358,103,0
408,538,358,101,0
415,538,358,99,0
420,538,358,97,0
411,538,358,95,1
403,538,358,93,0
396,538,358,91,0
390,538,358,89,0
385,538,358,87,0
381,538,358,85,0
378,538,358,83,0
376,538,358,81,0
375,538,358,79,0
375,538,358,77,0
376,538,358,75,0
378,538,358,73,0
381,538,358,71,0
385,538,358,69,0
390,538,358,67,0
396,538,358,65,0
403,538,358,63,0
408,538,358,61,0
413,538,358,59,0
418,538,358,57,0
424,538,358,55,0
430,538,358,53,0
436,538,358,51,0
442,538,358,49,0
448,538,358,47,0
455,538,358,45,0
462,538,358,43,0
469,538,358,41,0
460,538,358,39,1
452,538,358,37,0
445,538,358,35,0
439,538,358,33,0
434,538,358,31,0
430,538,358,29,0
427,538,358,27,0
425,538,358,25,0
424,538,358,23,0
424,538,358,21,0
425,538,358,19,0
427,538,358,17,0
430,538,358,15,0
434,538,358,13,0
439,538,358,11,0
445,538,358,9,0
452,538,358,7,0
443,538,358,5,1
435,538,358,3,0
428,538,358,1,0
422,538,358,0,0
417,538,358,0,0
413,538,358,0,0
410,538,358,0,0
408,538,358,0,0
407,538,358,0,0
407,538,358,0,0
408,538,358,0,0
410,538,358,0,0
413,538,358,0,0
417,538,358,0,0
422,538,358,0,0
428,538,358,0,0
435,538,358,0,0
440,538,358,0,0
445,538,358,0,0
450,538,358,0,0
456,538,358,0,0
447,538,358,0,1
439,538,358,0,0
432,538,358,0,0
426,538,358,0,0
421,538,358,0,0
417,538,358,0,0
414,538,358,0,0
412,538,358,0,0
411,538,358,0,0
411,538,358,0,0
412,538,358,0,0
414,538,358,0,0
417,538,358,0,0
421,538,358,0,0
426,538,358,0,0
432,538,358,0,0
439,538,358,0,0
444,538,358,0,0
435,538,358,0,1
427,538,358,0,0
420,538,358,0,0
414,538,358,0,0
409,538,358,0,0
405,538,358,0,0
402,538,358,0,0
400,538,358,0,0
399,538,358,0,0
399,538,358,0,0
400,538,358,0,0
402,538,358,0,0
405,538,358,0,0
409,538,358,0,0
414,538,358,0,0
420,538,358,0,0
427,538,358,0,0
432,538,358,0,0
437,538,358,0,0
442,538,358,0,0
448,538,358,0,0
454,538,358,0,0
460,538,358,0,0
466,538,358,0,0
472,538,358,0,0
479,538,358,0,0
486,538,358,0,0
493,538,358,0,0
500,538,358,0,0
507,538,358,0,0
515,538,358,0,0
506,538,358,0,1
498,538,358,0,0
491,538,358,0,0
485,538,358,0,0
480,538,358,0,0
476,538,358,0,0
473,615,435,85,0
471,615,435,83,0
470,615,435,81,0
470,615,435,79,0
471,615,435,77,0
473,615,435,75,0
476,615,435,73,0
480,615,435,71,0
485,615,435,69,0
491,615,435,67,0
498,615,435,65,0
503,615,435,63,0
508,615,435,61,0
514,615,435,59,0
519,615,435,57,0
525,615,435,55,0
531,615,435,53,0
537,615,435,51,0
528,615,435,49,1
520,615,435,47,0
513,615,435,45,0
507,615,435,43,0
502,615,435,41,0
498,615,435,39,0
495,615,435,37,0
493,615,435,35,0
492,615,435,33,0
492,615,435,31,0
493,615,435,29,0
495,615,435,27,0
498,615,435,25,0
502,615,435,23,0
507,615,435,21,0
513,615,435,19,0
520,615,435,17,0
525,615,435,15,0
530,615,435,13,0
521,615,435,11,1
513,615,435,9,0
506,615,435,7,0
500,615,435,5,0
495,615,435,3,0
491,615,435,1,0
488,615,435,0,0
486,615,435,0,0
485,615,435,0,0
485,615,435,0,0
486,615,435,0,0
488,615,435,0,0
491,615,435,0,0
495,615,435,0,0
500,615,435,0,0
506,615,435,0,0
513,615,435,0,0
518,615,435,0,0
524,615,435,0,0
515,615,435,0,1
507,615,435,0,0
500,615,435,0,0
494,615,435,0,0
489,615,435,0,0
485,615,435,0,0
482,615,435,0,0
480,615,435,0,0
479,615,435,0,0
479,615,435,0,0
480,615,435,0,0
482,615,435,0,0
485,615,435,0,0
489,615,435,0,0
494,615,435,0,0
500,615,435,0,0
507,615,435,0,0
512,615,435,0,0
517,615,435,0,0
522,615,435,0,0
513,615,435,0,1
505,615,435,0,0
498,615,435,0,0
492,615,435,0,0
487,615,435,0,0
483,615,435,0,0
480,615,435,0,0
478,615,435,0,0
477,615,435,0,0
477,615,435,0,0
478,615,435,0,0
480,615,435,0,0
483,615,435,0,0
487,615,435,0,0
492,615,435,0,0
498,615,435,0,0
505,615,435,0,0
510,615,435,0,0
501,615,435,0,1
493,615,435,0,0
486,615,435,0,0
480,615,435,0,0
475,615,435,0,0
471,615,435,0,0
468,615,435,0,0
466,615,435,0,0
465,615,435,0,0
465,615,435,0,0
466,615,435,0,0
468,615,435,0,0
471,615,435,0,0
475,615,435,0,0
466,615,435,0,1
458,615,435,0,0
451,615,435,0,0
445,615,435,0,0
440,615,435,0,0
436,615,435,0,0
433,615,435,0,0
431,615,435,0,0
430,513,333,103,0
430,513,333,101,0
431,513,333,99,0
433,513,333,97,0
424,513,333,95,1
416,513,333,93,0
409,513,333,91,0
403,513,333,89,0
398,513,333,87,0
394,513,333,85,0
391,513,333,83,0
389,513,333,81,0
388,513,333,79,0
388,513,333,77,0
389,513,333,75,0
391,513,333,73,0
394,513,333,71,0
398,513,333,69,0
403,513,333,67,0
409,513,333,65,0
416,513,333,63,0
407,513,333,61,1
399,513,333,59,0
392,513,333,57,0
386,513,333,55,0
381,513,333,53,0
377,513,333,51,0
374,513,333,49,0
372,513,333,47,0
371,513,333,45,0
371,513,333,43,0
372,513,333,41,0
374,513,333,39,0
377,513,333,37,0
381,513,333,35,0
386,513,333,33,0
392,513,333,31,0
399,513,333,29,0
404,513,333,27,0
409,513,333,25,0
415,513,333,23,0
420,513,333,21,0
426,513,333,19,0
417,513,333,17,1
409,513,333,15,0
402,513,333,13,0
396,513,333,11,0
391,513,333,9,0
387,513,333,7,0
384,513,333,5,0
382,513,333,3,0
381,513,333,1,0
381,513,333,0,0
382,513,333,0,0
384,513,333,0,0
387,513,333,0,0
391,513,333,0,0
396,513,333,0,0
402,513,333,0,0
409,513,333,0,0
414,513,333,0,0
419,513,333,0,0
410,513,333,0,1
402,513,333,0,0
395,513,333,0,0
389,513,333,0,0
384,513,333,0,0
380,513,333,0,0
377,513,333,0,0
375,513,333,0,0
374,513,333,0,0
374,513,333,0,0
375,513,333,0,0
377,513,333,0,0
380,513,333,0,0
384,513,333,0,0
389,513,333,0,0
395,513,333,0,0
402,513,333,0,0
407,513,333,0,0
413,513,333,0,0
418,513,333,0,0
409,513,333,0,1
401,513,333,0,0
394,513,333,0,0
388,513,333,0,0
383,513,333,0,0
379,513,333,0,0
376,513,333,0,0
374,513,333,0,0
373,513,333,0,0
373,513,333,0,0
374,513,333,0,0
376,513,333,0,0
379,513,333,0,0
383,513,333,0,0
388,513,333,0,0
394,513,333,0,0
401,513,333,0,0
406,513,333,0,0
411,513,333,0,0
402,513,333,0,1
394,513,333,0,0
387,513,333,0,0
381,513,333,0,0
376,513,333,0,0
372,513,333,0,0
369,513,333,0,0
367,513,333,0,0
366,513,333,0,0
366,513,333,0,0
367,513,333,0,0
369,513,333,0,0
372,513,333,0,0
376,513,333,0,0
381,513,333,0,0
387,513,333,0,0
378,513,333,0,1
370,513,333,0,0
363,513,333,0,0
357,513,333,0,0
352,513,333,0,0
348,513,333,0,0
345,513,333,0,0
343,513,333,0,0
342,474,294,85,0
342,474,294,83,0
343,474,294,81,0
345,474,294,79,0
348,474,294,77,0
352,474,294,75,0
357,474,294,73,0
363,474,294,71,0
370,474,294,69,0
375,474,294,67,0
380,474,294,65,0
371,474,294,63,1
363,474,294,61,0
356,474,294,59,0
350,474,294,57,0
345,474,294,55,0
341,474,294,53,0
338,474,294,51,0
336,474,294,49,0
335,474,294,47,0
335,474,294,45,0
336,474,294,43,0
338,474,294,41,0
341,474,294,39,0
345,474,294,37,0
350,474,294,35,0
356,474,294,33,0
363,474,294,31,0
368,474,294,29,0
374,474,294,27,0
365,474,294,25,1
357,474,294,23,0
350,474,294,21,0
344,474,294,19,0
339,474,294,17,0
335,474,294,15,0
332,474,294,13,0
330,474,294,11,0
329,474,294,9,0
329,474,294,7,0
330,474,294,5,0
332,474,294,3,0
335,474,294,1,0
339,474,294,0,0
344,474,294,0,0
350,474,294,0,0
357,474,294,0,0
362,474,294,0,0
367,474,294,0,0
372,474,294,0,0
378,474,294,0,0
369,474,294,0,1
361,474,294,0,0
354,474,294,0,0
348,474,294,0,0
343,474,294,0,0
339,474,294,0,0
336,474,294,0,0
334,474,294,0,0
333,474,294,0,0
333,474,294,0,0
334,474,294,0,0
336,474,294,0,0
339,474,294,0,0
343,474,294,0,0
348,474,294,0,0
354,474,294,0,0
361,474,294,0,0
366,474,294,0,0
357,474,294,0,1
349,474,294,0,0
342,474,294,0,0
336,474,294,0,0
331,474,294,0,0
327,474,294,0,0
324,474,294,0,0
322,474,294,0,0
321,474,294,0,0
321,474,294,0,0
322,474,294,0,0
324,474,294,0,0
327,474,294,0,0
331,474,294,0,0
336,474,294,0,0
342,474,294,0,0
349,474,294,0,0
354,474,294,0,0
359,474,294,0,0
350,474,294,0,1
342,474,294,0,0
335,474,294,0,0
329,474,294,0,0
324,474,294,0,0
320,474,294,0,0
317,474,294,0,0
315,474,294,0,0
314,474,294,0,0
314,474,294,0,0
315,474,294,0,0
317,474,294,0,0
320,474,294,0,0
324,474,294,0,0
329,474,294,0,0
335,474,294,0,0
342,474,294,0,0
347,474,294,0,0
352,474,294,0,0
358,474,294,0,0
363,474,294,0,0
369,474,294,0,0
375,474,294,0,0
381,474,294,0,0
388,474,294,0,0
394,474,294,0,0
401,474,294,0,0
408,474,294,0,0
415,545,365,103,0
423,545,365,101,0
430,545,365,99,0
438,545,365,97,0
446,545,365,95,0
454,545,365,93,0
445,545,365,91,1
437,545,365,89,0
430,545,365,87,0
424,545,365,85,0
419,545,365,83,0
415,545,365,81,0
412,545,365,79,0
410,545,365,77,0
409,545,365,75,0
409,545,365,73,0
410,545,365,71,0
412,545,365,69,0
415,545,365,67,0
419,545,365,65,0
424,545,365,63,0
430,545,365,61,0
437,545,365,59,0
442,545,365,57,0
447,545,365,55,0
453,545,365,53,0
458,545,365,51,0
449,545,365,49,1
441,545,365,47,0
434,545,365,45,0
428,545,365,43,0
423,545,365,41,0
419,545,365,39,0
416,545,365,37,0
414,545,365,35,0
413,545,365,33,0
413,545,365,31,0
414,545,365,29,0
416,545,365,27,0
419,545,365,25,0
423,545,365,23,0
428,545,365,21,0
434,545,365,19,0
441,545,365,17,0
446,545,365,15,0
437,545,365,13,1
429,545,365,11,0
422,545,365,9,0
416,545,365,7,0
411,545,365,5,0
407,545,365,3,0
404,545,365,1,0
402,545,365,0,0
401,545,365,0,0
401,545,365,0,0
402,545,365,0,0
404,545,365,0,0
407,545,365,0,0
411,545,365,0,0
416,545,365,0,0
422,545,365,0,0
429,545,365,0,0
434,545,365,0,0
440,545,365,0,0
445,545,365,0,0
451,545,365,0,0
456,545,365,0,0
447,545,365,0,1
439,545,365,0,0
432,545,365,0,0
426,545,365,0,0
421,545,365,0,0
417,545,365,0,0
414,545,365,0,0
412,545,365,0,0
411,545,365,0,0
411,545,365,0,0
412,545,365,0,0
414,545,365,0,0
417,545,365,0,0
421,545,365,0,0
426,545,365,0,0
432,545,365,0,0
439,545,365,0,0
444,545,365,0,0
450,545,365,0,0
455,545,365,0,0
446,545,365,0,1
438,545,365,0,0
431,545,365,0,0
425,545,365,0,0
420,545,365,0,0
416,545,365,0,0
413,545,365,0,0
411,545,365,0,0
410,545,365,0,0
410,545,365,0,0
411,545,365,0,0
413,545,365,0,0
416,545,365,0,0
420,545,365,0,0
425,545,365,0,0
431,545,365,0,0
438,545,365,0,0
443,545,365,0,0
448,545,365,0,0
454,545,365,0,0
459,545,365,0,0
450,545,365,0,1
442,545,365,0,0
435,545,365,0,0
429,545,365,0,0
424,545,365,0,0
420,545,365,0,0
417,545,365,0,0
415,545,365,0,0
414,545,365,0,0
414,545,365,0,0
415,545,365,0,0
417,545,365,0,0
420,545,365,0,0
424,545,365,0,0
429,545,365,0,0
435,545,365,0,0
442,545,365,0,0
447,578,398,85,0
452,578,398,83,0
458,578,398,81,0
463,578,398,79,0
469,578,398,77,0
475,578,398,75,0
466,578,398,73,1
458,578,398,71,0
451,578,398,69,0
445,578,398,67,0
440,578,398,65,0
436,578,398,63,0
433,578,398,61,0
431,578,398,59,0
430,578,398,57,0
430,578,398,55,0
431,578,398,53,0
433,578,398,51,0
436,578,398,49,0
440,578,398,47,0
445,578,398,45,0
451,578,398,43,0
458,578,398,41,0
463,578,398,39,0
468,578,398,37,0
474,578,398,35,0
479,578,398,33,0
485,578,398,31,0
491,578,398,29,0
497,578,398,27,0
504,578,398,25,0
495,578,398,23,1
487,578,398,21,0
480,578,398,19,0
474,578,398,17,0
469,578,398,15,0
465,578,398,13,0
462,578,398,11,0
460,578,398,9,0
459,578,398,7,0
459,578,398,5,0
460,578,398,3,0
462,578,398,1,0
465,578,398,0,0
469,578,398,0,0
474,578,398,0,0
480,578,398,0,0
487,578,398,0,0
492,578,398,0,0
497,578,398,0,0
502,578,398,0,0
508,578,398,0,0
514,578,398,0,0
505,578,398,0,1
497,578,398,0,0
490,578,398,0,0
484,578,398,0,0
479,578,398,0,0
475,578,398,0,0
472,578,398,0,0
470,578,398,0,0
469,578,398,0,0
469,578,398,0,0
470,578,398,0,0
472,578,398,0,0
475,578,398,0,0
479,578,398,0,0
484,578,398,0,0
490,578,398,0,0
497,578,398,0,0
502,578,398,0,0
507,578,398,0,0
498,578,398,0,1
490,578,398,0,0
483,578,398,0,0
477,578,398,0,0
472,578,398,0,0
468,578,398,0,0
465,578,398,0,0
463,578,398,0,0
462,578,398,0,0
462,578,398,0,0
463,578,398,0,0
465,578,398,0,0
468,578,398,0,0
472,578,398,0,0
477,578,398,0,0
483,578,398,0,0
490,578,398,0,0
495,578,398,0,0
500,578,398,0,0
491,578,398,0,1
483,578,398,0,0
476,578,398,0,0
470,578,398,0,0
465,578,398,0,0
461,578,398,0,0
458,578,398,0,0
456,578,398,0,0
455,578,398,0,0
455,578,398,0,0
456,578,398,0,0
458,578,398,0,0
461,578,398,0,0
465,578,398,0,0
470,578,398,0,0
476,578,398,0,0
483,578,398,0,0
488,578,398,0,0
493,578,398,0,0
484,578,398,0,1
476,578,398,0,0
469,578,398,0,0
463,578,398,0,0
458,578,398,0,0
454,578,398,0,0
451,552,372,103,0
449,552,372,101,0
448,552,372,99,0
448,552,372,97,0
449,552,372,95,0
451,552,372,93,0
454,552,372,91,0
458,552,372,89,0
463,552,372,87,0
454,552,372,85,1
446,552,372,83,0
439,552,372,81,0
433,552,372,79,0
428,552,372,77,0
424,552,372,75,0
421,552,372,73,0
419,552,372,71,0
418,552,372,69,0
418,552,372,67,0
419,552,372,65,0
421,552,372,63,0
424,552,372,61,0
428,552,372,59,0
433,552,372,57,0
439,552,372,55,0
446,552,372,53,0
451,552,372,51,0
457,552,372,49,0
448,552,372,47,1
440,552,372,45,0
433,552,372,43,0
427,552,372,41,0
422,552,372,39,0
418,552,372,37,0
415,552,372,35,0
413,552,372,33,0
412,552,372,31,0
412,552,372,29,0
413,552,372,27,0
415,552,372,25,0
418,552,372,23,0
422,552,372,21,0
427,552,372,19,0
433,552,372,17,0
440,552,372,15,0
445,552,372,13,0
450,552,372,11,0
455,552,372,9,0
461,552,372,7,0
467,552,372,5,0
473,552,372,3,0
479,552,372,1,0
485,552,372,0,0
476,552,372,0,1
468,552,372,0,0
461,552,372,0,0
455,552,372,0,0
450,552,372,0,0
446,552,372,0,0
443,552,372,0,0
441,552,372,0,0
440,552,372,0,0
440,552,372,0,0
441,552,372,0,0
443,552,372,0,0
446,552,372,0,0
450,552,372,0,0
455,552,372,0,0
461,552,372,0,0
468,552,372,0,0
473,552,372,0,0
478,552,372,0,0
469,552,372,0,1
461,552,372,0,0
454,552,372,0,0
448,552,372,0,0
443,552,372,0,0
439,552,372,0,0
436,552,372,0,0
434,552,372,0,0
433,552,372,0,0
433,552,372,0,0
434,552,372,0,0
436,552,372,0,0
439,552,372,0,0
443,552,372,0,0
448,552,372,0,0
454,552,372,0,0
461,552,372,0,0
466,552,372,0,0
457,552,372,0,1
449,552,372,0,0
442,552,372,0,0
436,552,372,0,0
431,552,372,0,0
427,552,372,0,0
424,552,372,0,0
422,552,372,0,0
421,552,372,0,0
421,552,372,0,0
422,552,372,0,0
424,552,372,0,0
427,552,372,0,0
431,552,372,0,0
436,552,372,0,0
442,552,372,0,0
433,552,372,0,1
425,552,372,0,0
418,552,372,0,0
412,552,372,0,0
407,552,372,0,0
403,552,372,0,0
400,552,372,0,0
398,552,372,0,0
397,552,372,0,0
397,552,372,0,0
398,552,372,0,0
400,552,372,0,0
403,552,372,0,0
407,552,372,0,0
412,552,372,0,0
418,552,372,0,0
425,552,372,0,0
430,552,372,0,0
436,552,372,0,0
441,505,325,85,0
432,505,325,83,1
424,505,325,81,0
417,505,325,79,0
411,505,325,77,0
406,505,325,75,0
402,505,325,73,0
399,505,325,71,0
397,505,325,69,0
396,505,325,67,0
396,505,325,65,0
397,505,325,63,0
399,505,325,61,0
402,505,325,59,0
406,505,325,57,0
397,505,325,55,1
389,505,325,53,0
382,505,325,51,0
376,505,325,49,0
371,505,325,47,0
367,505,325,45,0
364,505,325,43,0
362,505,325,41,0
361,505,325,39,0
361,505,325,37,0
362,505,325,35,0
364,505,325,33,0
367,505,325,31,0
371,505,325,29,0
376,505,325,27,0
382,505,325,25,0
389,505,325,23,0
394,505,325,21,0
399,505,325,19,0
405,505,325,17,0
410,505,325,15,0
401,505,325,13,1
393,505,325,11,0
386,505,325,9,0
380,505,325,7,0
375,505,325,5,0
371,505,325,3,0
368,505,325,1,0
366,505,325,0,0
365,505,325,0,0
365,505,325,0,0
366,505,325,0,0
368,505,325,0,0
371,505,325,0,0
375,505,325,0,0
380,505,325,0,0
386,505,325,0,0
393,505,325,0,0
398,505,325,0,0
403,505,325,0,0
409,505,325,0,0
414,505,325,0,0
420,505,325,0,0
426,505,325,0,0
417,505,325,0,1
409,505,325,0,0
402,505,325,0,0
396,505,325,0,0
391,505,325,0,0
387,505,325,0,0
384,505,325,0,0
382,505,325,0,0
381,505,325,0,0
381,505,325,0,0
382,505,325,0,0
384,505,325,0,0
387,505,325,0,0
391,505,325,0,0
396,505,325,0,0
402,505,325,0,0
409,505,325,0,0
400,505,325,0,1
392,505,325,0,0
385,505,325,0,0
379,505,325,0,0
374,505,325,0,0
370,505,325,0,0
367,505,325,0,0
365,505,325,0,0
364,505,325,0,0
364,505,325,0,0
365,505,325,0,0
367,505,325,0,0
370,505,325,0,0
374,505,325,0,0
379,505,325,0,0
385,505,325,0,0
392,505,325,0,0
383,505,325,0,1
375,505,325,0,0
368,505,325,0,0
362,505,325,0,0
357,505,325,0,0
353,505,325,0,0
350,505,325,0,0
348,505,325,0,0
347,505,325,0,0
347,505,325,0,0
348,505,325,0,0
350,505,325,0,0
353,505,325,0,0
357,505,325,0,0
362,505,325,0,0
353,505,325,0,1
345,505,325,0,0
338,505,325,0,0
332,505,325,0,0
327,505,325,0,0
323,505,325,0,0
320,505,325,0,0
318,505,325,0,0
317,412,232,103,0
317,412,232,101,0
318,412,232,99,0
320,412,232,97,0
323,412,232,95,0
314,412,232,93,1
306,412,232,91,0
299,412,232,89,0
293,412,232,87,0
288,412,232,85,0
284,412,232,83,0
281,412,232,81,0
279,412,232,79,0
278,412,232,77,0
278,412,232,75,0
279,412,232,73,0
270,412,232,71,1
262,412,232,69,0
255,412,232,67,0
249,412,232,65,0
244,412,232,63,0
240,412,232,61,0
237,412,232,59,0
235,412,232,57,0
234,412,232,55,0
234,412,232,53,0
225,412,232,51,1
