bird_y, bottom_pipe_y, top_pipe_y, dist
355,495,305,333,0
360,495,305,331,0
365,495,305,329,0
371,495,305,327,0
377,495,305,325,0
383,495,305,323,0
389,495,305,321,0
395,495,305,319,0
402,495,305,317,0
409,495,305,315,0
416,495,305,313,0
423,495,305,311,0
430,495,305,309,0
438,495,305,307,0
446,495,305,305,0
454,495,305,303,0
462,495,305,301,0
470,495,305,299,0
479,495,305,297,0
470,495,305,295,1
462,495,305,293,0
455,495,305,291,0
449,495,305,289,0
444,495,305,287,0
440,495,305,285,0
437,495,305,283,0
435,495,305,281,0
434,495,305,279,0
434,495,305,277,0
435,495,305,275,0
437,495,305,273,0
440,495,305,271,0
444,495,305,269,0
449,495,305,267,0
455,495,305,265,0
462,495,305,263,0
467,495,305,261,0
458,495,305,259,1
450,495,305,257,0
443,495,305,255,0
437,495,305,253,0
432,495,305,251,0
428,495,305,249,0
425,495,305,247,0
423,495,305,245,0
422,495,305,243,0
422,495,305,241,0
423,495,305,239,0
425,495,305,237,0
428,495,305,235,0
432,495,305,233,0
437,495,305,231,0
443,495,305,229,0
450,495,305,227,0
455,495,305,225,0
460,495,305,223,0
465,495,305,221,0
471,495,305,219,0
477,495,305,217,0
483,495,305,215,0
489,495,305,213,0
495,495,305,211,0
486,495,305,209,1
478,495,305,207,0
471,495,305,205,0
465,495,305,203,0
460,495,305,201,0
456,495,305,199,0
453,495,305,197,0
451,495,305,195,0
450,495,305,193,0
450,495,305,191,0
451,495,305,189,0
453,495,305,187,0
456,495,305,185,0
460,495,305,183,0
465,495,305,181,0
471,495,305,179,0
478,495,305,177,0
483,495,305,175,0
488,495,305,173,0
494,495,305,171,0
499,495,305,169,0
505,495,305,167,0
511,495,305,165,0
518,495,305,163,0
509,495,305,161,1
501,495,305,159,0
494,495,305,157,0
488,495,305,155,0
483,495,305,153,0
479,495,305,151,0
476,495,305,149,0
474,495,305,147,0
473,495,305,145,0
473,495,305,143,0
474,495,305,141,0
465,495,305,139,1
457,495,305,137,0
450,495,305,135,0
444,495,305,133,0
439,495,305,131,0
435,495,305,129,0
432,495,305,127,0
430,495,305,125,0
429,495,305,123,0
429,495,305,121,0
430,495,305,119,0
432,495,305,117,0
435,495,305,115,0
439,495,305,113,0
444,495,305,111,0
450,495,305,109,0
457,495,305,107,0
448,495,305,105,1
440,495,305,103,0
433,495,305,101,0
427,495,305,99,0
422,495,305,97,0
418,495,305,95,0
415,495,305,93,0
413,495,305,91,0
412,495,305,89,0
412,495,305,87,0
413,495,305,85,0
415,495,305,83,0
418,495,305,81,0
422,495,305,79,0
427,495,305,77,0
433,495,305,75,0
424,495,305,73,1
416,495,305,71,0
409,495,305,69,0
403,495,305,67,0
398,495,305,65,0
394,495,305,63,0
391,495,305,61,0
389,495,305,59,0
388,495,305,57,0
388,495,305,55,0
389,495,305,53,0
391,495,305,51,0
394,495,305,49,0
398,495,305,47,0
403,495,305,45,0
409,495,305,43,0
416,495,305,41,0
421,495,305,39,0
412,495,305,37,1
404,495,305,35,0
397,495,305,33,0
391,495,305,31,0
386,495,305,29,0
382,495,305,27,0
379,495,305,25,0
377,495,305,23,0
376,495,305,21,0
376,495,305,19,0
377,495,305,17,0
379,495,305,15,0
382,495,305,13,0
386,495,305,11,0
391,495,305,9,0
397,495,305,7,0
404,495,305,5,0
409,495,305,3,0
414,495,305,1,0
419,495,305,0,0
410,495,305,0,1
402,495,305,0,0
395,495,305,0,0
389,495,305,0,0
384,495,305,0,0
380,495,305,0,0
377,495,305,0,0
375,495,305,0,0
374,495,305,0,0
374,495,305,0,0
375,495,305,0,0
377,495,305,0,0
380,495,305,0,0
384,495,305,0,0
389,495,305,0,0
395,495,305,0,0
402,495,305,0,0
407,495,305,0,0
398,495,305,0,1
390,495,305,0,0
383,495,305,0,0
377,495,305,0,0
372,495,305,0,0
368,495,305,0,0
365,495,305,0,0
363,495,305,0,0
362,495,305,0,0
362,495,305,0,0
363,495,305,0,0
365,495,305,0,0
368,495,305,0,0
372,495,305,0,0
377,495,305,0,0
383,495,305,0,0
390,495,305,0,0
395,495,305,0,0
400,495,305,0,0
391,495,305,0,1
383,495,305,0,0
376,495,305,0,0
370,495,305,0,0
365,495,305,0,0
361,495,305,0,0
358,495,305,0,0
356,495,305,0,0
355,495,305,0,0
355,495,305,0,0
356,495,305,0,0
358,495,305,0,0
361,495,305,0,0
365,495,305,0,0
370,495,305,0,0
376,495,305,0,0
383,495,305,0,0
374,495,305,0,1
366,495,305,0,0
359,495,305,0,0
353,495,305,0,0
348,495,305,0,0
344,495,305,0,0
341,495,305,0,0
339,495,305,0,0
338,495,305,0,0
338,495,305,0,0
339,495,305,0,0
341,495,305,0,0
344,495,305,0,0
348,495,305,0,0
353,495,305,0,0
359,495,305,0,0
366,495,305,0,0
371,495,305,0,0
376,547,357,103,0
382,547,357,101,0
387,547,357,99,0
393,547,357,97,0
399,547,357,95,0
405,547,357,93,0
412,547,357,91,0
418,547,357,89,0
425,547,357,87,0
432,547,357,85,0
439,547,357,83,0
447,547,357,81,0
454,547,357,79,0
445,547,357,77,1
437,547,357,75,0
430,547,357,73,0
424,547,357,71,0
419,547,357,69,0
415,547,357,67,0
412,547,357,65,0
410,547,357,63,0
409,547,357,61,0
409,547,357,59,0
410,547,357,57,0
412,547,357,55,0
415,547,357,53,0
419,547,357,51,0
424,547,357,49,0
430,547,357,47,0
437,547,357,45,0
442,547,357,43,0
448,547,357,41,0
453,547,357,39,0
459,547,357,37,0
464,547,357,35,0
470,547,357,33,0
477,547,357,31,0
483,547,357,29,0
490,547,357,27,0
496,547,357,25,0
487,547,357,23,1
479,547,357,21,0
472,547,357,19,0
466,547,357,17,0
461,547,357,15,0
457,547,357,13,0
454,547,357,11,0
452,547,357,9,0
451,547,357,7,0
451,547,357,5,0
452,547,357,3,0
454,547,357,1,0
457,547,357,0,0
461,547,357,0,0
466,547,357,0,0
472,547,357,0,0
479,547,357,0,0
484,547,357,0,0
490,547,357,0,0
481,547,357,0,1
473,547,357,0,0
466,547,357,0,0
460,547,357,0,0
455,547,357,0,0
451,547,357,0,0
448,547,357,0,0
446,547,357,0,0
445,547,357,0,0
445,547,357,0,0
446,547,357,0,0
448,547,357,0,0
451,547,357,0,0
455,547,357,0,0
460,547,357,0,0
451,547,357,0,1
443,547,357,0,0
436,547,357,0,0
430,547,357,0,0
425,547,357,0,0
421,547,357,0,0
418,547,357,0,0
416,547,357,0,0
415,547,357,0,0
415,547,357,0,0
416,547,357,0,0
418,547,357,0,0
421,547,357,0,0
425,547,357,0,0
430,547,357,0,0
436,547,357,0,0
443,547,357,0,0
434,547,357,0,1
426,547,357,0,0
419,547,357,0,0
413,547,357,0,0
408,547,357,0,0
404,547,357,0,0
401,547,357,0,0
399,547,357,0,0
398,547,357,0,0
398,547,357,0,0
399,547,357,0,0
401,547,357,0,0
404,547,357,0,0
395,547,357,0,1
387,547,357,0,0
380,547,357,0,0
374,547,357,0,0
369,547,357,0,0
365,547,357,0,0
362,547,357,0,0
360,547,357,0,0
359,547,357,0,0
359,547,357,0,0
360,547,357,0,0
362,547,357,0,0
365,547,357,0,0
369,547,357,0,0
374,547,357,0,0
365,547,357,0,1
357,547,357,0,0
350,547,357,0,0
344,547,357,0,0
339,547,357,0,0
335,547,357,0,0
332,452,262,85,0
330,452,262,83,0
329,452,262,81,0
329,452,262,79,0
330,452,262,77,0
332,452,262,75,0
335,452,262,73,0
339,452,262,71,0
344,452,262,69,0
350,452,262,67,0
357,452,262,65,0
362,452,262,63,0
367,452,262,61,0
358,452,262,59,1
350,452,262,57,0
343,452,262,55,0
337,452,262,53,0
332,452,262,51,0
328,452,262,49,0
325,452,262,47,0
323,452,262,45,0
322,452,262,43,0
322,452,262,41,0
323,452,262,39,0
325,452,262,37,0
328,452,262,35,0
332,452,262,33,0
337,452,262,31,0
343,452,262,29,0
350,452,262,27,0
355,452,262,25,0
360,452,262,23,0
365,452,262,21,0
356,452,262,19,1
348,452,262,17,0
341,452,262,15,0
335,452,262,13,0
330,452,262,11,0
326,452,262,9,0
323,452,262,7,0
321,452,262,5,0
320,452,262,3,0
320,452,262,1,0
321,452,262,0,0
323,452,262,0,0
326,452,262,0,0
330,452,262,0,0
335,452,262,0,0
341,452,262,0,0
348,452,262,0,0
353,452,262,0,0
344,452,262,0,1
336,452,262,0,0
329,452,262,0,0
323,452,262,0,0
318,452,262,0,0
314,452,262,0,0
311,452,262,0,0
309,452,262,0,0
308,452,262,0,0
308,452,262,0,0
309,452,262,0,0
311,452,262,0,0
314,452,262,0,0
318,452,262,0,0
323,452,262,0,0
329,452,262,0,0
336,452,262,0,0
341,452,262,0,0
347,452,262,0,0
352,452,262,0,0
358,452,262,0,0
363,452,262,0,0
369,452,262,0,0
360,452,262,0,1
352,452,262,0,0
345,452,262,0,0
339,452,262,0,0
334,452,262,0,0
330,452,262,0,0
327,452,262,0,0
325,452,262,0,0
324,452,262,0,0
324,452,262,0,0
325,452,262,0,0
327,452,262,0,0
330,452,262,0,0
334,452,262,0,0
339,452,262,0,0
345,452,262,0,0
352,452,262,0,0
357,452,262,0,0
348,452,262,0,1
340,452,262,0,0
333,452,262,0,0
327,452,262,0,0
322,452,262,0,0
318,452,262,0,0
315,452,262,0,0
313,452,262,0,0
312,452,262,0,0
312,452,262,0,0
313,452,262,0,0
315,452,262,0,0
318,452,262,0,0
322,452,262,0,0
327,452,262,0,0
333,452,262,0,0
340,452,262,0,0
345,452,262,0,0
351,452,262,0,0
356,452,262,0,0
362,452,262,0,0
367,452,262,0,0
373,452,262,0,0
380,452,262,0,0
386,533,343,103,0
393,533,343,101,0
399,533,343,99,0
406,533,343,97,0
414,533,343,95,0
421,533,343,93,0
429,533,343,91,0
436,533,343,89,0
444,533,343,87,0
453,533,343,85,0
444,533,343,83,1
436,533,343,81,0
429,533,343,79,0
423,533,343,77,0
418,533,343,75,0
414,533,343,73,0
411,533,343,71,0
409,533,343,69,0
408,533,343,67,0
408,533,343,65,0
409,533,343,63,0
411,533,343,61,0
414,533,343,59,0
418,533,343,57,0
423,533,343,55,0
429,533,343,53,0
436,533,343,51,0
427,533,343,49,1
419,533,343,47,0
412,533,343,45,0
406,533,343,43,0
401,533,343,41,0
397,533,343,39,0
394,533,343,37,0
392,533,343,35,0
391,533,343,33,0
391,533,343,31,0
392,533,343,29,0
394,533,343,27,0
397,533,343,25,0
401,533,343,23,0
406,533,343,21,0
412,533,343,19,0
419,533,343,17,0
424,533,343,15,0
429,533,343,13,0
434,533,343,11,0
440,533,343,9,0
431,533,343,7,1
423,533,343,5,0
416,533,343,3,0
410,533,343,1,0
405,533,343,0,0
401,533,343,0,0
398,533,343,0,0
396,533,343,0,0
395,533,343,0,0
395,533,343,0,0
396,533,343,0,0
398,533,343,0,0
401,533,343,0,0
405,533,343,0,0
410,533,343,0,0
416,533,343,0,0
423,533,343,0,0
428,533,343,0,0
433,533,343,0,0
438,533,343,0,0
444,533,343,0,0
450,533,343,0,0
441,533,343,0,1
433,533,343,0,0
426,533,343,0,0
420,533,343,0,0
415,533,343,0,0
411,533,343,0,0
408,533,343,0,0
406,533,343,0,0
405,533,343,0,0
405,533,343,0,0
406,533,343,0,0
408,533,343,0,0
411,533,343,0,0
415,533,343,0,0
420,533,343,0,0
426,533,343,0,0
433,533,343,0,0
438,533,343,0,0
443,533,343,0,0
448,533,343,0,0
439,533,343,0,1
431,533,343,0,0
424,533,343,0,0
418,533,343,0,0
413,533,343,0,0
409,533,343,0,0
406,533,343,0,0
404,533,343,0,0
403,533,343,0,0
403,533,343,0,0
404,533,343,0,0
406,533,343,0,0
409,533,343,0,0
413,533,343,0,0
418,533,343,0,0
424,533,343,0,0
431,533,343,0,0
436,533,343,0,0
442,533,343,0,0
433,533,343,0,1
425,533,343,0,0
418,533,343,0,0
412,533,343,0,0
407,533,343,0,0
403,533,343,0,0
400,533,343,0,0
398,533,343,0,0
397,533,343,0,0
397,533,343,0,0
398,533,343,0,0
400,533,343,0,0
403,533,343,0,0
407,533,343,0,0
412,533,343,0,0
418,533,343,0,0
425,513,323,85,0
430,513,323,83,0
435,513,323,81,0
440,513,323,79,0
446,513,323,77,0
437,513,323,75,1
429,513,323,73,0
422,513,323,71,0
416,513,323,69,0
411,513,323,67,0
407,513,323,65,0
404,513,323,63,0
402,513,323,61,0
401,513,323,59,0
401,513,323,57,0
402,513,323,55,0
404,513,323,53,0
407,513,323,51,0
411,513,323,49,0
416,513,323,47,0
422,513,323,45,0
429,513,323,43,0
434,513,323,41,0
439,513,323,39,0
430,513,323,37,1
422,513,323,35,0
415,513,323,33,0
409,513,323,31,0
404,513,323,29,0
400,513,323,27,0
397,513,323,25,0
395,513,323,23,0
394,513,323,21,0
394,513,323,19,0
395,513,323,17,0
397,513,323,15,0
400,513,323,13,0
404,513,323,11,0
409,513,323,9,0
415,513,323,7,0
422,513,323,5,0
427,513,323,3,0
418,513,323,1,1
410,513,323,0,0
403,513,323,0,0
397,513,323,0,0
392,513,323,0,0
388,513,323,0,0
385,513,323,0,0
383,513,323,0,0
382,513,323,0,0
382,513,323,0,0
383,513,323,0,0
385,513,323,0,0
388,513,323,0,0
392,513,323,0,0
397,513,323,0,0
403,513,323,0,0
410,513,323,0,0
415,513,323,0,0
420,513,323,0,0
426,513,323,0,0
417,513,323,0,1
409,513,323,0,0
402,513,323,0,0
396,513,323,0,0
391,513,323,0,0
387,513,323,0,0
384,513,323,0,0
382,513,323,0,0
381,513,323,0,0
381,513,323,0,0
382,513,323,0,0
384,513,323,0,0
387,513,323,0,0
391,513,323,0,0
396,513,323,0,0
402,513,323,0,0
409,513,323,0,0
400,513,323,0,1
392,513,323,0,0
385,513,323,0,0
379,513,323,0,0
374,513,323,0,0
370,513,323,0,0
367,513,323,0,0
365,513,323,0,0
364,513,323,0,0
364,513,323,0,0
365,513,323,0,0
367,513,323,0,0
370,513,323,0,0
374,513,323,0,0
379,513,323,0,0
385,513,323,0,0
392,513,323,0,0
397,513,323,0,0
402,513,323,0,0
407,513,323,0,0
413,513,323,0,0
404,513,323,0,1
396,513,323,0,0
389,513,323,0,0
383,513,323,0,0
378,513,323,0,0
374,513,323,0,0
371,513,323,0,0
369,513,323,0,0
368,513,323,0,0
368,513,323,0,0
369,513,323,0,0
371,513,323,0,0
374,513,323,0,0
378,513,323,0,0
383,513,323,0,0
389,513,323,0,0
396,496,306,103,0
401,496,306,101,0
406,496,306,99,0
397,496,306,97,1
389,496,306,95,0
382,496,306,93,0
376,496,306,91,0
371,496,306,89,0
367,496,306,87,0
364,496,306,85,0
362,496,306,83,0
361,496,306,81,0
361,496,306,79,0
362,496,306,77,0
364,496,306,75,0
367,496,306,73,0
371,496,306,71,0
376,496,306,69,0
382,496,306,67,0
389,496,306,65,0
394,496,306,63,0
399,496,306,61,0
405,496,306,59,0
396,496,306,57,1
388,496,306,55,0
381,496,306,53,0
375,496,306,51,0
370,496,306,49,0
366,496,306,47,0
363,496,306,45,0
361,496,306,43,0
360,496,306,41,0
360,496,306,39,0
361,496,306,37,0
363,496,306,35,0
366,496,306,33,0
370,496,306,31,0
375,496,306,29,0
381,496,306,27,0
388,496,306,25,0
393,496,306,23,0
398,496,306,21,0
389,496,306,19,1
381,496,306,17,0
374,496,306,15,0
368,496,306,13,0
363,496,306,11,0
359,496,306,9,0
356,496,306,7,0
354,496,306,5,0
353,496,306,3,0
353,496,306,1,0
354,496,306,0,0
356,496,306,0,0
359,496,306,0,0
363,496,306,0,0
368,496,306,0,0
374,496,306,0,0
381,496,306,0,0
386,496,306,0,0
377,496,306,0,1
369,496,306,0,0
362,496,306,0,0
356,496,306,0,0
351,496,306,0,0
347,496,306,0,0
344,496,306,0,0
342,496,306,0,0
341,496,306,0,0
341,496,306,0,0
342,496,306,0,0
344,496,306,0,0
347,496,306,0,0
351,496,306,0,0
356,496,306,0,0
362,496,306,0,0
369,496,306,0,0
374,496,306,0,0
379,496,306,0,0
370,496,306,0,1
362,496,306,0,0
355,496,306,0,0
349,496,306,0,0
344,496,306,0,0
340,496,306,0,0
337,496,306,0,0
335,496,306,0,0
334,496,306,0,0
334,496,306,0,0
335,496,306,0,0
337,496,306,0,0
340,496,306,0,0
344,496,306,0,0
349,496,306,0,0
355,496,306,0,0
362,496,306,0,0
367,496,306,0,0
372,496,306,0,0
378,496,306,0,0
383,496,306,0,0
389,496,306,0,0
395,496,306,0,0
386,496,306,0,1
378,496,306,0,0
371,496,306,0,0
365,496,306,0,0
360,496,306,0,0
356,496,306,0,0
353,496,306,0,0
351,496,306,0,0
350,496,306,0,0
350,496,306,0,0
351,496,306,0,0
353,496,306,0,0
356,496,306,0,0
360,496,306,0,0
365,496,306,0,0
371,496,306,0,0
378,496,306,0,0
383,496,306,0,0
388,496,306,0,0
394,496,306,0,0
399,496,306,0,0
405,496,306,0,0
411,496,306,0,0
402,508,318,85,1
394,508,318,83,0
387,508,318,81,0
381,508,318,79,0
376,508,318,77,0
372,508,318,75,0
369,508,318,73,0
367,508,318,71,0
366,508,318,69,0
366,508,318,67,0
367,508,318,65,0
369,508,318,63,0
372,508,318,61,0
376,508,318,59,0
381,508,318,57,0
387,508,318,55,0
394,508,318,53,0
399,508,318,51,0
404,508,318,49,0
410,508,318,47,0
415,508,318,45,0
421,508,318,43,0
427,508,318,41,0
433,508,318,39,0
424,508,318,37,1
416,508,318,35,0
409,508,318,33,0
403,508,318,31,0
398,508,318,29,0
394,508,318,27,0
391,508,318,25,0
389,508,318,23,0
388,508,318,21,0
388,508,318,19,0
389,508,318,17,0
391,508,318,15,0
394,508,318,13,0
398,508,318,11,0
403,508,318,9,0
409,508,318,7,0
416,508,318,5,0
421,508,318,3,0
426,508,318,1,0
417,508,318,0,1
409,508,318,0,0
402,508,318,0,0
396,508,318,0,0
391,508,318,0,0
387,508,318,0,0
384,508,318,0,0
382,508,318,0,0
381,508,318,0,0
381,508,318,0,0
382,508,318,0,0
384,508,318,0,0
387,508,318,0,0
391,508,318,0,0
396,508,318,0,0
402,508,318,0,0
409,508,318,0,0
414,508,318,0,0
405,508,318,0,1
397,508,318,0,0
390,508,318,0,0
384,508,318,0,0
379,508,318,0,0
375,508,318,0,0
372,508,318,0,0
370,508,318,0,0
369,508,318,0,0
369,508,318,0,0
370,508,318,0,0
372,508,318,0,0
375,508,318,0,0
379,508,318,0,0
384,508,318,0,0
390,508,318,0,0
397,508,318,0,0
388,508,318,0,1
380,508,318,0,0
373,508,318,0,0
367,508,318,0,0
362,508,318,0,0
358,508,318,0,0
355,508,318,0,0
353,508,318,0,0
352,508,318,0,0
352,508,318,0,0
353,508,318,0,0
355,508,318,0,0
358,508,318,0,0
362,508,318,0,0
367,508,318,0,0
373,508,318,0,0
364,508,318,0,1
356,508,318,0,0
349,508,318,0,0
343,508,318,0,0
338,508,318,0,0
334,508,318,0,0
331,508,318,0,0
329,508,318,0,0
328,508,318,0,0
328,508,318,0,0
329,508,318,0,0
331,508,318,0,0
334,508,318,0,0
338,508,318,0,0
343,508,318,0,0
349,508,318,0,0
356,508,318,0,0
361,508,318,0,0
352,508,318,0,1
344,508,318,0,0
337,508,318,0,0
331,508,318,0,0
326,488,298,103,0
322,488,298,101,0
319,488,298,99,0
317,488,298,97,0
316,488,298,95,0
316,488,298,93,0
317,488,298,91,0
319,488,298,89,0
322,488,298,87,0
326,488,298,85,0
331,488,298,83,0
337,488,298,81,0
344,488,298,79,0
349,488,298,77,0
355,488,298,75,0
360,488,298,73,0
366,488,298,71,0
371,488,298,69,0
377,488,298,67,0
384,488,298,65,0
390,488,298,63,0
381,488,298,61,1
373,488,298,59,0
366,488,298,57,0
360,488,298,55,0
355,488,298,53,0
351,488,298,51,0
348,488,298,49,0
346,488,298,47,0
345,488,298,45,0
345,488,298,43,0
346,488,298,41,0
348,488,298,39,0
351,488,298,37,0
355,488,298,35,0
360,488,298,33,0
366,488,298,31,0
373,488,298,29,0
378,488,298,27,0
383,488,298,25,0
389,488,298,23,0
394,488,298,21,0
400,488,298,19,0
406,488,298,17,0
412,488,298,15,0
419,488,298,13,0
425,488,298,11,0
416,488,298,9,1
408,488,298,7,0
401,488,298,5,0
395,488,298,3,0
390,488,298,1,0
386,488,298,0,0
383,488,298,0,0
381,488,298,0,0
380,488,298,0,0
380,488,298,0,0
381,488,298,0,0
383,488,298,0,0
386,488,298,0,0
390,488,298,0,0
395,488,298,0,0
401,488,298,0,0
408,488,298,0,0
413,488,298,0,0
418,488,298,0,0
424,488,298,0,0
415,488,298,0,1
407,488,298,0,0
400,488,298,0,0
394,488,298,0,0
389,488,298,0,0
385,488,298,0,0
382,488,298,0,0
380,488,298,0,0
379,488,298,0,0
379,488,298,0,0
380,488,298,0,0
382,488,298,0,0
385,488,298,0,0
389,488,298,0,0
394,488,298,0,0
400,488,298,0,0
407,488,298,0,0
398,488,298,0,1
390,488,298,0,0
383,488,298,0,0
377,488,298,0,0
372,488,298,0,0
368,488,298,0,0
365,488,298,0,0
363,488,298,0,0
362,488,298,0,0
362,488,298,0,0
363,488,298,0,0
365,488,298,0,0
368,488,298,0,0
372,488,298,0,0
377,488,298,0,0
383,488,298,0,0
390,488,298,0,0
395,488,298,0,0
400,488,298,0,0
405,488,298,0,0
411,488,298,0,0
402,488,298,0,1
394,488,298,0,0
387,488,298,0,0
381,488,298,0,0
376,488,298,0,0
372,488,298,0,0
369,488,298,0,0
367,488,298,0,0
366,488,298,0,0
366,488,298,0,0
367,488,298,0,0
369,488,298,0,0
372,488,298,0,0
376,488,298,0,0
381,488,298,0,0
387,488,298,0,0
394,488,298,0,0
399,488,298,0,0
404,488,298,0,0
410,488,298,0,0
415,530,340,85,0
421,530,340,83,0
427,530,340,81,0
433,530,340,79,0
440,530,340,77,0
446,530,340,75,0
453,530,340,73,0
460,530,340,71,0
467,530,340,69,0
475,530,340,67,0
466,530,340,65,1
458,530,340,63,0
451,530,340,61,0
445,530,340,59,0
440,530,340,57,0
436,530,340,55,0
433,530,340,53,0
431,530,340,51,0
430,530,340,49,0
430,530,340,47,0
431,530,340,45,0
433,530,340,43,0
436,530,340,41,0
440,530,340,39,0
445,530,340,37,0
451,530,340,35,0
458,530,340,33,0
463,530,340,31,0
454,530,340,29,1
446,530,340,27,0
439,530,340,25,0
433,530,340,23,0
428,530,340,21,0
424,530,340,19,0
421,530,340,17,0
419,530,340,15,0
418,530,340,13,0
418,530,340,11,0
419,530,340,9,0
421,530,340,7,0
424,530,340,5,0
428,530,340,3,0
433,530,340,1,0
439,530,340,0,0
430,530,340,0,1
422,530,340,0,0
415,530,340,0,0
409,530,340,0,0
404,530,340,0,0
400,530,340,0,0
397,530,340,0,0
395,530,340,0,0
394,530,340,0,0
394,530,340,0,0
395,530,340,0,0
397,530,340,0,0
400,530,340,0,0
404,530,340,0,0
409,530,340,0,0
415,530,340,0,0
422,530,340,0,0
427,530,340,0,0
432,530,340,0,0
437,530,340,0,0
443,530,340,0,0
449,530,340,0,0
440,530,340,0,1
432,530,340,0,0
425,530,340,0,0
419,530,340,0,0
414,530,340,0,0
410,530,340,0,0
407,530,340,0,0
405,530,340,0,0
404,530,340,0,0
404,530,340,0,0
405,530,340,0,0
407,530,340,0,0
410,530,340,0,0
414,530,340,0,0
419,530,340,0,0
425,530,340,0,0
432,530,340,0,0
437,530,340,0,0
442,530,340,0,0
447,530,340,0,0
453,530,340,0,0
459,530,340,0,0
465,530,340,0,0
456,530,340,0,1
448,530,340,0,0
441,530,340,0,0
435,530,340,0,0
430,530,340,0,0
426,530,340,0,0
423,530,340,0,0
421,530,340,0,0
420,530,340,0,0
420,530,340,0,0
421,530,340,0,0
423,530,340,0,0
426,530,340,0,0
417,530,340,0,1
409,530,340,0,0
402,530,340,0,0
396,530,340,0,0
391,530,340,0,0
387,530,340,0,0
384,530,340,0,0
382,530,340,0,0
381,530,340,0,0
381,530,340,0,0
372,530,340,0,1
364,530,340,0,0
357,530,340,0,0
351,530,340,0,0
346,464,274,103,0
342,464,274,101,0
339,464,274,99,0
337,464,274,97,0
336,464,274,95,0
336,464,274,93,0
337,464,274,91,0
339,464,274,89,0
342,464,274,87,0
333,464,274,85,1
325,464,274,83,0
318,464,274,81,0
312,464,274,79,0
307,464,274,77,0
303,464,274,75,0
300,464,274,73,0
298,464,274,71,0
297,464,274,69,0
297,464,274,67,0
298,464,274,65,0
300,464,274,63,0
303,464,274,61,0
307,464,274,59,0
312,464,274,57,0
318,464,274,55,0
325,464,274,53,0
330,464,274,51,0
335,464,274,49,0
340,464,274,47,0
346,464,274,45,0
352,464,274,43,0
343,464,274,41,1
335,464,274,39,0
328,464,274,37,0
322,464,274,35,0
317,464,274,33,0
313,464,274,31,0
310,464,274,29,0
308,464,274,27,0
307,464,274,25,0
307,464,274,23,0
308,464,274,21,0
310,464,274,19,0
313,464,274,17,0
317,464,274,15,0
322,464,274,13,0
328,464,274,11,0
335,464,274,9,0
340,464,274,7,0
345,464,274,5,0
350,464,274,3,0
356,464,274,1,0
347,464,274,0,1
339,464,274,0,0
332,464,274,0,0
326,464,274,0,0
321,464,274,0,0
317,464,274,0,0
314,464,274,0,0
312,464,274,0,0
311,464,274,0,0
311,464,274,0,0
312,464,274,0,0
314,464,274,0,0
317,464,274,0,0
321,464,274,0,0
326,464,274,0,0
332,464,274,0,0
339,464,274,0,0
344,464,274,0,0
349,464,274,0,0
354,464,274,0,0
360,464,274,0,0
366,464,274,0,0
372,464,274,0,0
378,464,274,0,0
384,464,274,0,0
375,464,274,0,1
367,464,274,0,0
360,464,274,0,0
354,464,274,0,0
349,464,274,0,0
345,464,274,0,0
342,464,274,0,0
340,464,274,0,0
339,464,274,0,0
339,464,274,0,0
340,464,274,0,0
342,464,274,0,0
345,464,274,0,0
349,464,274,0,0
354,464,274,0,0
360,464,274,0,0
367,464,274,0,0
372,464,274,0,0
378,464,274,0,0
369,464,274,0,1
361,464,274,0,0
354,464,274,0,0
348,464,274,0,0
343,464,274,0,0
339,464,274,0,0
336,464,274,0,0
334,464,274,0,0
333,464,274,0,0
333,464,274,0,0
334,464,274,0,0
336,464,274,0,0
339,464,274,0,0
343,464,274,0,0
348,464,274,0,0
354,464,274,0,0
345,464,274,0,1
337,464,274,0,0
330,464,274,0,0
324,464,274,0,0
319,464,274,0,0
315,464,274,0,0
312,464,274,0,0
310,464,274,0,0
309,464,274,0,0
309,464,274,0,0
310,464,274,0,0
312,464,274,0,0
315,464,274,0,0
319,461,271,85,0
324,461,271,83,0
330,461,271,81,0
337,461,271,79,0
342,461,271,77,0
347,461,271,75,0
352,461,271,73,0
343,461,271,71,1
335,461,271,69,0
328,461,271,67,0
322,461,271,65,0
317,461,271,63,0
313,461,271,61,0
310,461,271,59,0
308,461,271,57,0
307,461,271,55,0
307,461,271,53,0
308,461,271,51,0
310,461,271,49,0
313,461,271,47,0
317,461,271,45,0
322,461,271,43,0
328,461,271,41,0
335,461,271,39,0
340,461,271,37,0
345,461,271,35,0
351,461,271,33,0
356,461,271,31,0
362,461,271,29,0
368,461,271,27,0
359,461,271,25,1
351,461,271,23,0
344,461,271,21,0
338,461,271,19,0
333,461,271,17,0
329,461,271,15,0
326,461,271,13,0
324,461,271,11,0
323,461,271,9,0
323,461,271,7,0
324,461,271,5,0
326,461,271,3,0
329,461,271,1,0
333,461,271,0,0
338,461,271,0,0
344,461,271,0,0
351,461,271,0,0
356,461,271,0,0
361,461,271,0,0
367,461,271,0,0
372,461,271,0,0
378,461,271,0,0
384,461,271,0,0
375,461,271,0,1
367,461,271,0,0
360,461,271,0,0
354,461,271,0,0
349,461,271,0,0
345,461,271,0,0
342,461,271,0,0
340,461,271,0,0
339,461,271,0,0
339,461,271,0,0
340,461,271,0,0
342,461,271,0,0
345,461,271,0,0
349,461,271,0,0
354,461,271,0,0
360,461,271,0,0
367,461,271,0,0
372,461,271,0,0
377,461,271,0,0
383,461,271,0,0
374,461,271,0,1
366,461,271,0,0
359,461,271,0,0
353,461,271,0,0
348,461,271,0,0
344,461,271,0,0
341,461,271,0,0
339,461,271,0,0
338,461,271,0,0
338,461,271,0,0
339,461,271,0,0
341,461,271,0,0
344,461,271,0,0
348,461,271,0,0
353,461,271,0,0
359,461,271,0,0
366,461,271,0,0
371,461,271,0,0
376,461,271,0,0
381,461,271,0,0
387,461,271,0,0
393,461,271,0,0
399,461,271,0,0
405,461,271,0,0
411,461,271,0,0
418,461,271,0,0
425,461,271,0,0
432,461,271,0,0
439,461,271,0,0
446,461,271,0,0
454,461,271,0,0
462,461,271,0,0
470,461,271,0,0
478,461,271,0,0
486,461,271,0,0
495,461,271,0,0
504,461,271,0,0
513,461,271,0,0
522,461,271,0,0
531,461,271,0,0
522,461,271,0,1
514,461,271,0,0
507,461,271,0,0
501,610,420,103,0
496,610,420,101,0
492,610,420,99,0
489,610,420,97,0
487,610,420,95,0
486,610,420,93,0
486,610,420,91,0
487,610,420,89,0
489,610,420,87,0
492,610,420,85,0
496,610,420,83,0
501,610,420,81,0
507,610,420,79,0
514,610,420,77,0
519,610,420,75,0
510,610,420,73,1
502,610,420,71,0
495,610,420,69,0
489,610,420,67,0
484,610,420,65,0
480,610,420,63,0
477,610,420,61,0
475,610,420,59,0
474,610,420,57,0
474,610,420,55,0
475,610,420,53,0
477,610,420,51,0
480,610,420,49,0
484,610,420,47,0
489,610,420,45,0
495,610,420,43,0
502,610,420,41,0
507,610,420,39,0
513,610,420,37,0
518,610,420,35,0
509,610,420,33,1
501,610,420,31,0
494,610,420,29,0
488,610,420,27,0
483,610,420,25,0
479,610,420,23,0
476,610,420,21,0
474,610,420,19,0
473,610,420,17,0
473,610,420,15,0
474,610,420,13,0
476,610,420,11,0
479,610,420,9,0
483,610,420,7,0
488,610,420,5,0
494,610,420,3,0
501,610,420,1,0
506,610,420,0,0
511,610,420,0,0
517,610,420,0,0
522,610,420,0,0
513,610,420,0,1
505,610,420,0,0
498,610,420,0,0
492,610,420,0,0
487,610,420,0,0
483,610,420,0,0
480,610,420,0,0
478,610,420,0,0
477,610,420,0,0
477,610,420,0,0
478,610,420,0,0
480,610,420,0,0
483,610,420,0,0
487,610,420,0,0
492,610,420,0,0
498,610,420,0,0
505,610,420,0,0
510,610,420,0,0
515,610,420,0,0
506,610,420,0,1
498,610,420,0,0
491,610,420,0,0
485,610,420,0,0
480,610,420,0,0
476,610,420,0,0
473,610,420,0,0
471,610,420,0,0
470,610,420,0,0
470,610,420,0,0
471,610,420,0,0
473,610,420,0,0
476,610,420,0,0
480,610,420,0,0
485,610,420,0,0
491,610,420,0,0
498,610,420,0,0
503,610,420,0,0
509,610,420,0,0
500,610,420,0,1
492,610,420,0,0
485,610,420,0,0
479,610,420,0,0
474,610,420,0,0
470,610,420,0,0
467,610,420,0,0
465,610,420,0,0
464,610,420,0,0
464,610,420,0,0
465,610,420,0,0
467,610,420,0,0
470,610,420,0,0
474,610,420,0,0
465,610,420,0,1
457,610,420,0,0
450,610,420,0,0
444,610,420,0,0
439,610,420,0,0
435,610,420,0,0
432,610,420,0,0
430,610,420,0,0
429,610,420,0,0
429,610,420,0,0
430,610,420,0,0
432,610,420,0,0
435,610,420,0,0
439,610,420,0,0
444,610,420,0,0
450,610,420,0,0
441,610,420,0,1
433,543,353,85,0
426,543,353,83,0
420,543,353,81,0
415,543,353,79,0
411,543,353,77,0
408,543,353,75,0
406,543,353,73,0
405,543,353,71,0
405,543,353,69,0
406,543,353,67,0
408,543,353,65,0
411,543,353,63,0
415,543,353,61,0
420,543,353,59,0
426,543,353,57,0
433,543,353,55,0
438,543,353,53,0
429,543,353,51,1
421,543,353,49,0
414,543,353,47,0
408,543,353,45,0
403,543,353,43,0
399,543,353,41,0
396,543,353,39,0
394,543,353,37,0
393,543,353,35,0
393,543,353,33,0
394,543,353,31,0
396,543,353,29,0
399,543,353,27,0
403,543,353,25,0
408,543,353,23,0
414,543,353,21,0
421,543,353,19,0
426,543,353,17,0
431,543,353,15,0
436,543,353,13,0
442,543,353,11,0
448,543,353,9,0
454,543,353,7,0
460,543,353,5,0
451,543,353,3,1
443,543,353,1,0
436,543,353,0,0
430,543,353,0,0
425,543,353,0,0
421,543,353,0,0
418,543,353,0,0
416,543,353,0,0
415,543,353,0,0
415,543,353,0,0
416,543,353,0,0
418,543,353,0,0
421,543,353,0,0
425,543,353,0,0
430,543,353,0,0
436,543,353,0,0
443,543,353,0,0
448,543,353,0,0
453,543,353,0,0
458,543,353,0,0
464,543,353,0,0
470,543,353,0,0
461,543,353,0,1
453,543,353,0,0
446,543,353,0,0
440,543,353,0,0
435,543,353,0,0
431,543,353,0,0
428,543,353,0,0
426,543,353,0,0
425,543,353,0,0
425,543,353,0,0
426,543,353,0,0
428,543,353,0,0
431,543,353,0,0
435,543,353,0,0
440,543,353,0,0
446,543,353,0,0
453,543,353,0,0
458,543,353,0,0
463,543,353,0,0
454,543,353,0,1
446,543,353,0,0
439,543,353,0,0
433,543,353,0,0
428,543,353,0,0
424,543,353,0,0
421,543,353,0,0
419,543,353,0,0
418,543,353,0,0
418,543,353,0,0
419,543,353,0,0
421,543,353,0,0
424,543,353,0,0
428,543,353,0,0
433,543,353,0,0
439,543,353,0,0
446,543,353,0,0
451,543,353,0,0
456,543,353,0,0
447,543,353,0,1
439,543,353,0,0
432,543,353,0,0
426,543,353,0,0
421,543,353,0,0
417,543,353,0,0
414,543,353,0,0
412,543,353,0,0
411,543,353,0,0
411,543,353,0,0
412,543,353,0,0
414,543,353,0,0
417,543,353,0,0
421,543,353,0,0
426,543,353,0,0
432,568,378,103,0
439,568,378,101,0
444,568,378,99,0
449,568,378,97,0
455,568,378,95,0
460,568,378,93,0
466,568,378,91,0
472,568,378,89,0
463,568,378,87,1
455,568,378,85,0
448,568,378,83,0
442,568,378,81,0
437,568,378,79,0
433,568,378,77,0
430,568,378,75,0
428,568,378,73,0
427,568,378,71,0
427,568,378,69,0
428,568,378,67,0
430,568,378,65,0
433,568,378,63,0
437,568,378,61,0
442,568,378,59,0
448,568,378,57,0
455,568,378,55,0
460,568,378,53,0
465,568,378,51,0
456,568,378,49,1
448,568,378,47,0
441,568,378,45,0
435,568,378,43,0
430,568,378,41,0
426,568,378,39,0
423,568,378,37,0
421,568,378,35,0
420,568,378,33,0
420,568,378,31,0
421,568,378,29,0
423,568,378,27,0
426,568,378,25,0
430,568,378,23,0
435,568,378,21,0
441,568,378,19,0
448,568,378,17,0
453,568,378,15,0
459,568,378,13,0
450,568,378,11,1
442,568,378,9,0
435,568,378,7,0
429,568,378,5,0
424,568,378,3,0
420,568,378,1,0
417,568,378,0,0
415,568,378,0,0
414,568,378,0,0
414,568,378,0,0
415,568,378,0,0
417,568,378,0,0
420,568,378,0,0
424,568,378,0,0
429,568,378,0,0
435,568,378,0,0
442,568,378,0,0
447,568,378,0,0
452,568,378,0,0
457,568,378,0,0
463,568,378,0,0
469,568,378,0,0
475,568,378,0,0
481,568,378,0,0
487,568,378,0,0
478,568,378,0,1
470,568,378,0,0
463,568,378,0,0
457,568,378,0,0
452,568,378,0,0
448,568,378,0,0
445,568,378,0,0
443,568,378,0,0
442,568,378,0,0
442,568,378,0,0
443,568,378,0,0
445,568,378,0,0
448,568,378,0,0
439,568,378,0,1
431,568,378,0,0
424,568,378,0,0
418,568,378,0,0
413,568,378,0,0
409,568,378,0,0
406,568,378,0,0
404,568,378,0,0
403,568,378,0,0
403,568,378,0,0
404,568,378,0,0
406,568,378,0,0
409,568,378,0,0
413,568,378,0,0
418,568,378,0,0
424,568,378,0,0
431,568,378,0,0
422,568,378,0,1
414,568,378,0,0
407,568,378,0,0
401,568,378,0,0
396,568,378,0,0
392,568,378,0,0
389,568,378,0,0
387,568,378,0,0
386,568,378,0,0
386,568,378,0,0
387,568,378,0,0
389,568,378,0,0
392,568,378,0,0
383,568,378,0,1
375,568,378,0,0
368,568,378,0,0
362,568,378,0,0
357,568,378,0,0
353,568,378,0,0
350,568,378,0,0
348,568,378,0,0
347,568,378,0,0
347,568,378,0,0
348,568,378,0,0
350,453,263,85,0
353,453,263,83,0
357,453,263,81,0
362,453,263,79,0
368,453,263,77,0
359,453,263,75,1
351,453,263,73,0
344,453,263,71,0
338,453,263,69,0
333,453,263,67,0
329,453,263,65,0
326,453,263,63,0
324,453,263,61,0
323,453,263,59,0
323,453,263,57,0
324,453,263,55,0
326,453,263,53,0
329,453,263,51,0
333,453,263,49,0
338,453,263,47,0
344,453,263,45,0
351,453,263,43,0
356,453,263,41,0
361,453,263,39,0
352,453,263,37,1
344,453,263,35,0
337,453,263,33,0
331,453,263,31,0
326,453,263,29,0
322,453,263,27,0
319,453,263,25,0
317,453,263,23,0
316,453,263,21,0
316,453,263,19,0
317,453,263,17,0
319,453,263,15,0
322,453,263,13,0
326,453,263,11,0
331,453,263,9,0
337,453,263,7,0
344,453,263,5,0
349,453,263,3,0
355,453,263,1,0
346,453,263,0,1
338,453,263,0,0
331,453,263,0,0
325,453,263,0,0
320,453,263,0,0
316,453,263,0,0
313,453,263,0,0
311,453,263,0,0
310,453,263,0,0
310,453,263,0,0
311,453,263,0,0
313,453,263,0,0
316,453,263,0,0
320,453,263,0,0
325,453,263,0,0
331,453,263,0,0
338,453,263,0,0
343,453,263,0,0
334,453,263,0,1
326,453,263,0,0
319,453,263,0,0
313,453,263,0,0
308,453,263,0,0
304,453,263,0,0
301,453,263,0,0
299,453,263,0,0
298,453,263,0,0
298,453,263,0,0
299,453,263,0,0
301,453,263,0,0
304,453,263,0,0
308,453,263,0,0
313,453,263,0,0
319,453,263,0,0
326,453,263,0,0
331,453,263,0,0
336,453,263,0,0
341,453,263,0,0
332,453,263,0,1
324,453,263,0,0
317,453,263,0,0
311,453,263,0,0
306,453,263,0,0
302,453,263,0,0
299,453,263,0,0
297,453,263,0,0
296,453,263,0,0
296,453,263,0,0
297,453,263,0,0
299,453,263,0,0
302,453,263,0,0
306,453,263,0,0
311,453,263,0,0
317,453,263,0,0
324,453,263,0,0
329,453,263,0,0
334,453,263,0,0
340,453,263,0,0
345,453,263,0,0
351,453,263,0,0
357,453,263,0,0
363,453,263,0,0
370,453,263,0,0
376,453,263,0,0
383,453,263,0,0
390,453,263,0,0
397,453,263,0,0
405,453,263,0,0
412,453,263,0,0
420,453,263,0,0
428,453,263,0,0
436,453,263,0,0
445,453,263,0,0
453,543,353,103,0
444,543,353,101,1
436,543,353,99,0
429,543,353,97,0
423,543,353,95,0
418,543,353,93,0
414,543,353,91,0
411,543,353,89,0
409,543,353,87,0
408,543,353,85,0
408,543,353,83,0
409,543,353,81,0
411,543,353,79,0
414,543,353,77,0
418,543,353,75,0
423,543,353,73,0
429,543,353,71,0
436,543,353,69,0
441,543,353,67,0
447,543,353,65,0
452,543,353,63,0
458,543,353,61,0
463,543,353,59,0
454,543,353,57,1
446,543,353,55,0
439,543,353,53,0
433,543,353,51,0
428,543,353,49,0
424,543,353,47,0
421,543,353,45,0
419,543,353,43,0
418,543,353,41,0
418,543,353,39,0
419,543,353,37,0
421,543,353,35,0
424,543,353,33,0
428,543,353,31,0
433,543,353,29,0
439,543,353,27,0
446,543,353,25,0
451,543,353,23,0
457,543,353,21,0
462,543,353,19,0
453,543,353,17,1
445,543,353,15,0
438,543,353,13,0
432,543,353,11,0
427,543,353,9,0
423,543,353,7,0
420,543,353,5,0
418,543,353,3,0
417,543,353,1,0
417,543,353,0,0
418,543,353,0,0
420,543,353,0,0
423,543,353,0,0
427,543,353,0,0
432,543,353,0,0
438,543,353,0,0
445,543,353,0,0
450,543,353,0,0
455,543,353,0,0
461,543,353,0,0
452,543,353,0,1
444,543,353,0,0
437,543,353,0,0
431,543,353,0,0
426,543,353,0,0
422,543,353,0,0
419,543,353,0,0
417,543,353,0,0
416,543,353,0,0
416,543,353,0,0
417,543,353,0,0
419,543,353,0,0
422,543,353,0,0
426,543,353,0,0
431,543,353,0,0
437,543,353,0,0
444,543,353,0,0
449,543,353,0,0
454,543,353,0,0
459,543,353,0,0
465,543,353,0,0
471,543,353,0,0
462,543,353,0,1
454,543,353,0,0
447,543,353,0,0
441,543,353,0,0
436,543,353,0,0
432,543,353,0,0
429,543,353,0,0
427,543,353,0,0
426,543,353,0,0
426,543,353,0,0
427,543,353,0,0
429,543,353,0,0
432,543,353,0,0
436,543,353,0,0
441,543,353,0,0
447,543,353,0,0
454,543,353,0,0
459,543,353,0,0
464,543,353,0,0
469,543,353,0,0
460,543,353,0,1
452,543,353,0,0
445,543,353,0,0
439,543,353,0,0
434,543,353,0,0
430,543,353,0,0
427,543,353,0,0
425,543,353,0,0
424,543,353,0,0
424,543,353,0,0
425,543,353,0,0
427,543,353,0,0
430,543,353,0,0
434,543,353,0,0
439,543,353,0,0
445,543,353,0,0
452,543,353,0,0
457,543,353,0,0
462,543,353,0,0
468,543,353,0,0
473,569,379,85,0
464,569,379,83,1
456,569,379,81,0
449,569,379,79,0
443,569,379,77,0
438,569,379,75,0
434,569,379,73,0
431,569,379,71,0
429,569,379,69,0
428,569,379,67,0
428,569,379,65,0
429,569,379,63,0
431,569,379,61,0
434,569,379,59,0
438,569,379,57,0
443,569,379,55,0
449,569,379,53,0
456,569,379,51,0
461,569,379,49,0
467,569,379,47,0
472,569,379,45,0
478,569,379,43,0
483,569,379,41,0
474,569,379,39,1
466,569,379,37,0
459,569,379,35,0
453,569,379,33,0
448,569,379,31,0
444,569,379,29,0
441,569,379,27,0
439,569,379,25,0
438,569,379,23,0
438,569,379,21,0
439,569,379,19,0
441,569,379,17,0
444,569,379,15,0
448,569,379,13,0
453,569,379,11,0
459,569,379,9,0
466,569,379,7,0
457,569,379,5,1
449,569,379,3,0
442,569,379,1,0
436,569,379,0,0
431,569,379,0,0
427,569,379,0,0
424,569,379,0,0
422,569,379,0,0
421,569,379,0,0
421,569,379,0,0
422,569,379,0,0
424,569,379,0,0
427,569,379,0,0
431,569,379,0,0
436,569,379,0,0
442,569,379,0,0
449,569,379,0,0
454,569,379,0,0
460,569,379,0,0
465,569,379,0,0
471,569,379,0,0
476,569,379,0,0
482,569,379,0,0
473,569,379,0,1
465,569,379,0,0
458,569,379,0,0
452,569,379,0,0
447,569,379,0,0
443,569,379,0,0
440,569,379,0,0
438,569,379,0,0
437,569,379,0,0
437,569,379,0,0
438,569,379,0,0
440,569,379,0,0
443,569,379,0,0
447,569,379,0,0
452,569,379,0,0
458,569,379,0,0
465,569,379,0,0
470,569,379,0,0
476,569,379,0,0
467,569,379,0,1
459,569,379,0,0
452,569,379,0,0
446,569,379,0,0
441,569,379,0,0
437,569,379,0,0
434,569,379,0,0
432,569,379,0,0
431,569,379,0,0
431,569,379,0,0
432,569,379,0,0
434,569,379,0,0
437,569,379,0,0
441,569,379,0,0
446,569,379,0,0
452,569,379,0,0
443,569,379,0,1
435,569,379,0,0
428,569,379,0,0
422,569,379,0,0
417,569,379,0,0
413,569,379,0,0
410,569,379,0,0
408,569,379,0,0
407,569,379,0,0
407,569,379,0,0
408,569,379,0,0
410,569,379,0,0
413,569,379,0,0
417,569,379,0,0
408,569,379,0,1
400,569,379,0,0
393,569,379,0,0
387,569,379,0,0
382,475,285,103,0
378,475,285,101,0
375,475,285,99,0
373,475,285,97,0
372,475,285,95,0
372,475,285,93,0
373,475,285,91,0
375,475,285,89,0
378,475,285,87,0
369,475,285,85,1
361,475,285,83,0
354,475,285,81,0
348,475,285,79,0
343,475,285,77,0
339,475,285,75,0
336,475,285,73,0
334,475,285,71,0
333,475,285,69,0
333,475,285,67,0
334,475,285,65,0
336,475,285,63,0
339,475,285,61,0
343,475,285,59,0
348,475,285,57,0
354,475,285,55,0
361,475,285,53,0
366,475,285,51,0
371,475,285,49,0
376,475,285,47,0
382,475,285,45,0
388,475,285,43,0
394,475,285,41,0
385,475,285,39,1
377,475,285,37,0
370,475,285,35,0
364,475,285,33,0
359,475,285,31,0
355,475,285,29,0
352,475,285,27,0
350,475,285,25,0
349,475,285,23,0
349,475,285,21,0
350,475,285,19,0
352,475,285,17,0
355,475,285,15,0
359,475,285,13,0
364,475,285,11,0
370,475,285,9,0
377,475,285,7,0
382,475,285,5,0
387,475,285,3,0
392,475,285,1,0
398,475,285,0,0
389,475,285,0,1
381,475,285,0,0
374,475,285,0,0
368,475,285,0,0
363,475,285,0,0
359,475,285,0,0
356,475,285,0,0
354,475,285,0,0
353,475,285,0,0
353,475,285,0,0
354,475,285,0,0
356,475,285,0,0
359,475,285,0,0
363,475,285,0,0
368,475,285,0,0
374,475,285,0,0
381,475,285,0,0
386,475,285,0,0
391,475,285,0,0
396,475,285,0,0
387,475,285,0,1
379,475,285,0,0
372,475,285,0,0
366,475,285,0,0
361,475,285,0,0
357,475,285,0,0
354,475,285,0,0
352,475,285,0,0
351,475,285,0,0
351,475,285,0,0
352,475,285,0,0
354,475,285,0,0
357,475,285,0,0
361,475,285,0,0
366,475,285,0,0
372,475,285,0,0
379,475,285,0,0
384,475,285,0,0
390,475,285,0,0
395,475,285,0,0
401,475,285,0,0
406,475,285,0,0
397,475,285,0,1
389,475,285,0,0
382,475,285,0,0
376,475,285,0,0
371,475,285,0,0
367,475,285,0,0
364,475,285,0,0
362,475,285,0,0
361,475,285,0,0
361,475,285,0,0
362,475,285,0,0
364,475,285,0,0
367,475,285,0,0
371,475,285,0,0
376,475,285,0,0
382,475,285,0,0
389,475,285,0,0
394,475,285,0,0
400,475,285,0,0
405,475,285,0,0
411,475,285,0,0
416,475,285,0,0
422,475,285,0,0
429,475,285,0,0
435,475,285,0,0
442,475,285,0,0
433,475,285,0,1
425,475,285,0,0
418,475,285,0,0
412,475,285,0,0
407,517,327,85,0
403,517,327,83,0
400,517,327,81,0
398,517,327,79,0
397,517,327,77,0
397,517,327,75,0
398,517,327,73,0
400,517,327,71,0
403,517,327,69,0
407,517,327,67,0
412,517,327,65,0
418,517,327,63,0
425,517,327,61,0
430,517,327,59,0
435,517,327,57,0
440,517,327,55,0
446,517,327,53,0
452,517,327,51,0
443,517,327,49,1
435,517,327,47,0
428,517,327,45,0
422,517,327,43,0
417,517,327,41,0
413,517,327,39,0
410,517,327,37,0
408,517,327,35,0
407,517,327,33,0
407,517,327,31,0
408,517,327,29,0
410,517,327,27,0
413,517,327,25,0
417,517,327,23,0
422,517,327,21,0
428,517,327,19,0
435,517,327,17,0
440,517,327,15,0
445,517,327,13,0
450,517,327,11,0
441,517,327,9,1
433,517,327,7,0
426,517,327,5,0
420,517,327,3,0
415,517,327,1,0
411,517,327,0,0
408,517,327,0,0
406,517,327,0,0
405,517,327,0,0
405,517,327,0,0
406,517,327,0,0
408,517,327,0,0
411,517,327,0,0
415,517,327,0,0
420,517,327,0,0
426,517,327,0,0
433,517,327,0,0
438,517,327,0,0
443,517,327,0,0
449,517,327,0,0
440,517,327,0,1
432,517,327,0,0
425,517,327,0,0
419,517,327,0,0
414,517,327,0,0
410,517,327,0,0
407,517,327,0,0
405,517,327,0,0
404,517,327,0,0
404,517,327,0,0
405,517,327,0,0
407,517,327,0,0
410,517,327,0,0
414,517,327,0,0
419,517,327,0,0
425,517,327,0,0
416,517,327,0,1
408,517,327,0,0
401,517,327,0,0
395,517,327,0,0
390,517,327,0,0
386,517,327,0,0
383,517,327,0,0
381,517,327,0,0
380,517,327,0,0
380,517,327,0,0
381,517,327,0,0
383,517,327,0,0
386,517,327,0,0
390,517,327,0,0
395,517,327,0,0
401,517,327,0,0
408,517,327,0,0
399,517,327,0,1
391,517,327,0,0
384,517,327,0,0
378,517,327,0,0
373,517,327,0,0
369,517,327,0,0
366,517,327,0,0
364,517,327,0,0
363,517,327,0,0
363,517,327,0,0
364,517,327,0,0
366,517,327,0,0
369,517,327,0,0
373,517,327,0,0
378,517,327,0,0
384,517,327,0,0
391,517,327,0,0
396,517,327,0,0
401,517,327,0,0
406,517,327,0,0
412,517,327,0,0
418,517,327,0,0
424,517,327,0,0
430,517,327,0,0
436,517,327,0,0
443,592,402,103,0
450,592,402,101,0
457,592,402,99,0
464,592,402,97,0
471,592,402,95,0
479,592,402,93,0
487,592,402,91,0
478,592,402,89,1
470,592,402,87,0
463,592,402,85,0
457,592,402,83,0
452,592,402,81,0
448,592,402,79,0
445,592,402,77,0
443,592,402,75,0
442,592,402,73,0
442,592,402,71,0
443,592,402,69,0
445,592,402,67,0
448,592,402,65,0
452,592,402,63,0
457,592,402,61,0
463,592,402,59,0
470,592,402,57,0
475,592,402,55,0
480,592,402,53,0
485,592,402,51,0
476,592,402,49,1
468,592,402,47,0
461,592,402,45,0
455,592,402,43,0
450,592,402,41,0
446,592,402,39,0
443,592,402,37,0
441,592,402,35,0
440,592,402,33,0
440,592,402,31,0
441,592,402,29,0
443,592,402,27,0
446,592,402,25,0
450,592,402,23,0
455,592,402,21,0
461,592,402,19,0
468,592,402,17,0
473,592,402,15,0
479,592,402,13,0
484,592,402,11,0
490,592,402,9,0
495,592,402,7,0
501,592,402,5,0
492,592,402,3,1
484,592,402,1,0
477,592,402,0,0
471,592,402,0,0
466,592,402,0,0
462,592,402,0,0
459,592,402,0,0
457,592,402,0,0
456,592,402,0,0
456,592,402,0,0
457,592,402,0,0
459,592,402,0,0
462,592,402,0,0
466,592,402,0,0
471,592,402,0,0
477,592,402,0,0
484,592,402,0,0
489,592,402,0,0
495,592,402,0,0
500,592,402,0,0
491,592,402,0,1
483,592,402,0,0
476,592,402,0,0
470,592,402,0,0
465,592,402,0,0
461,592,402,0,0
458,592,402,0,0
456,592,402,0,0
455,592,402,0,0
455,592,402,0,0
456,592,402,0,0
458,592,402,0,0
461,592,402,0,0
465,592,402,0,0
470,592,402,0,0
476,592,402,0,0
483,592,402,0,0
488,592,402,0,0
493,592,402,0,0
499,592,402,0,0
490,592,402,0,1
482,592,402,0,0
475,592,402,0,0
469,592,402,0,0
464,592,402,0,0
460,592,402,0,0
457,592,402,0,0
455,592,402,0,0
454,592,402,0,0
454,592,402,0,0
455,592,402,0,0
457,592,402,0,0
460,592,402,0,0
464,592,402,0,0
469,592,402,0,0
460,592,402,0,1
452,592,402,0,0
445,592,402,0,0
439,592,402,0,0
434,592,402,0,0
430,592,402,0,0
427,592,402,0,0
425,592,402,0,0
424,592,402,0,0
424,592,402,0,0
425,592,402,0,0
427,592,402,0,0
430,592,402,0,0
434,592,402,0,0
439,592,402,0,0
445,592,402,0,0
452,592,402,0,0
457,592,402,0,0
448,592,402,0,1
440,592,402,0,0
433,573,383,85,0
427,573,383,83,0
422,573,383,81,0
418,573,383,79,0
415,573,383,77,0
413,573,383,75,0
412,573,383,73,0
412,573,383,71,0
413,573,383,69,0
415,573,383,67,0
418,573,383,65,0
422,573,383,63,0
427,573,383,61,0
433,573,383,59,0
440,573,383,57,0
445,573,383,55,0
450,573,383,53,0
455,573,383,51,0
446,573,383,49,1
438,573,383,47,0
431,573,383,45,0
425,573,383,43,0
420,573,383,41,0
416,573,383,39,0
413,573,383,37,0
411,573,383,35,0
410,573,383,33,0
410,573,383,31,0
411,573,383,29,0
413,573,383,27,0
416,573,383,25,0
420,573,383,23,0
425,573,383,21,0
431,573,383,19,0
438,573,383,17,0
443,573,383,15,0
448,573,383,13,0
454,573,383,11,0
459,573,383,9,0
465,573,383,7,0
471,573,383,5,0
462,573,383,3,1
454,573,383,1,0
447,573,383,0,0
441,573,383,0,0
436,573,383,0,0
432,573,383,0,0
429,573,383,0,0
427,573,383,0,0
426,573,383,0,0
426,573,383,0,0
427,573,383,0,0
429,573,383,0,0
432,573,383,0,0
436,573,383,0,0
441,573,383,0,0
447,573,383,0,0
454,573,383,0,0
459,573,383,0,0
450,573,383,0,1
442,573,383,0,0
435,573,383,0,0
429,573,383,0,0
424,573,383,0,0
420,573,383,0,0
417,573,383,0,0
415,573,383,0,0
414,573,383,0,0
414,573,383,0,0
415,573,383,0,0
417,573,383,0,0
420,573,383,0,0
424,573,383,0,0
429,573,383,0,0
435,573,383,0,0
442,573,383,0,0
447,573,383,0,0
452,573,383,0,0
458,573,383,0,0
463,573,383,0,0
454,573,383,0,1
446,573,383,0,0
439,573,383,0,0
433,573,383,0,0
428,573,383,0,0
424,573,383,0,0
421,573,383,0,0
419,573,383,0,0
418,573,383,0,0
418,573,383,0,0
419,573,383,0,0
421,573,383,0,0
424,573,383,0,0
428,573,383,0,0
433,573,383,0,0
439,573,383,0,0
446,573,383,0,0
451,573,383,0,0
457,573,383,0,0
462,573,383,0,0
468,573,383,0,0
473,573,383,0,0
464,573,383,0,1
456,573,383,0,0
449,573,383,0,0
443,573,383,0,0
438,573,383,0,0
434,573,383,0,0
431,573,383,0,0
429,573,383,0,0
428,573,383,0,0
428,573,383,0,0
429,573,383,0,0
431,573,383,0,0
434,573,383,0,0
438,573,383,0,0
443,532,342,103,0
449,532,342,101,0
456,532,342,99,0
461,532,342,97,0
467,532,342,95,0
472,532,342,93,0
463,532,342,91,1
455,532,342,89,0
448,532,342,87,0
442,532,342,85,0
437,532,342,83,0
433,532,342,81,0
430,532,342,79,0
428,532,342,77,0
427,532,342,75,0
427,532,342,73,0
428,532,342,71,0
430,532,342,69,0
433,532,342,67,0
437,532,342,65,0
442,532,342,63,0
448,532,342,61,0
439,532,342,59,1
431,532,342,57,0
424,532,342,55,0
418,532,342,53,0
413,532,342,51,0
409,532,342,49,0
406,532,342,47,0
404,532,342,45,0
403,532,342,43,0
403,532,342,41,0
404,532,342,39,0
406,532,342,37,0
409,532,342,35,0
413,532,342,33,0
418,532,342,31,0
424,532,342,29,0
415,532,342,27,1
407,532,342,25,0
400,532,342,23,0
394,532,342,21,0
389,532,342,19,0
385,532,342,17,0
382,532,342,15,0
380,532,342,13,0
379,532,342,11,0
379,532,342,9,0
380,532,342,7,0
382,532,342,5,0
385,532,342,3,0
389,532,342,1,0
394,532,342,0,0
400,532,342,0,0
407,532,342,0,0
412,532,342,0,0
417,532,342,0,0
423,532,342,0,0
428,532,342,0,0
434,532,342,0,0
440,532,342,0,0
431,532,342,0,1
423,532,342,0,0
416,532,342,0,0
410,532,342,0,0
405,532,342,0,0
401,532,342,0,0
398,532,342,0,0
396,532,342,0,0
395,532,342,0,0
395,532,342,0,0
396,532,342,0,0
398,532,342,0,0
401,532,342,0,0
405,532,342,0,0
410,532,342,0,0
416,532,342,0,0
423,532,342,0,0
428,532,342,0,0
433,532,342,0,0
439,532,342,0,0
430,532,342,0,1
422,532,342,0,0
415,532,342,0,0
409,532,342,0,0
404,532,342,0,0
400,532,342,0,0
397,532,342,0,0
395,532,342,0,0
394,532,342,0,0
394,532,342,0,0
395,532,342,0,0
397,532,342,0,0
400,532,342,0,0
404,532,342,0,0
409,532,342,0,0
415,532,342,0,0
406,532,342,0,1
398,532,342,0,0
391,532,342,0,0
385,532,342,0,0
380,532,342,0,0
376,532,342,0,0
373,532,342,0,0
371,532,342,0,0
370,532,342,0,0
370,532,342,0,0
371,532,342,0,0
373,532,342,0,0
376,532,342,0,0
380,532,342,0,0
385,532,342,0,0
391,532,342,0,0
382,532,342,0,1
374,532,342,0,0
367,532,342,0,0
361,532,342,0,0
356,532,342,0,0
352,532,342,0,0
349,532,342,0,0
347,532,342,0,0
346,532,342,0,0
346,532,342,0,0
347,532,342,0,0
349,532,342,0,0
352,475,285,85,0
356,475,285,83,0
361,475,285,81,0
352,475,285,79,1
344,475,285,77,0
337,475,285,75,0
331,475,285,73,0
326,475,285,71,0
322,475,285,69,0
319,475,285,67,0
317,475,285,65,0
316,475,285,63,0
316,475,285,61,0
317,475,285,59,0
319,475,285,57,0
322,475,285,55,0
326,475,285,53,0
331,475,285,51,0
337,475,285,49,0
344,475,285,47,0
349,475,285,45,0
354,475,285,43,0
359,475,285,41,0
365,475,285,39,0
371,475,285,37,0
377,475,285,35,0
383,475,285,33,0
389,475,285,31,0
396,475,285,29,0
387,475,285,27,1
379,475,285,25,0
372,475,285,23,0
366,475,285,21,0
361,475,285,19,0
357,475,285,17,0
354,475,285,15,0
352,475,285,13,0
351,475,285,11,0
351,475,285,9,0
352,475,285,7,0
354,475,285,5,0
357,475,285,3,0
361,475,285,1,0
366,475,285,0,0
372,475,285,0,0
379,475,285,0,0
384,475,285,0,0
389,475,285,0,0
380,475,285,0,1
372,475,285,0,0
365,475,285,0,0
359,475,285,0,0
354,475,285,0,0
350,475,285,0,0
347,475,285,0,0
345,475,285,0,0
344,475,285,0,0
344,475,285,0,0
345,475,285,0,0
347,475,285,0,0
350,475,285,0,0
354,475,285,0,0
359,475,285,0,0
365,475,285,0,0
372,475,285,0,0
377,475,285,0,0
382,475,285,0,0
373,475,285,0,1
365,475,285,0,0
358,475,285,0,0
352,475,285,0,0
347,475,285,0,0
343,475,285,0,0
340,475,285,0,0
338,475,285,0,0
337,475,285,0,0
337,475,285,0,0
338,475,285,0,0
340,475,285,0,0
343,475,285,0,0
347,475,285,0,0
352,475,285,0,0
358,475,285,0,0
365,475,285,0,0
370,475,285,0,0
375,475,285,0,0
381,475,285,0,0
372,475,285,0,1
364,475,285,0,0
357,475,285,0,0
351,475,285,0,0
346,475,285,0,0
342,475,285,0,0
339,475,285,0,0
337,475,285,0,0
336,475,285,0,0
336,475,285,0,0
337,475,285,0,0
339,475,285,0,0
342,475,285,0,0
346,475,285,0,0
351,475,285,0,0
357,475,285,0,0
364,475,285,0,0
369,475,285,0,0
374,475,285,0,0
365,475,285,0,1
357,475,285,0,0
350,475,285,0,0
344,475,285,0,0
339,475,285,0,0
335,475,285,0,0
332,475,285,0,0
330,475,285,0,0
329,475,285,0,0
329,475,285,0,0
330,461,271,103,0
332,461,271,101,0
335,461,271,99,0
339,461,271,97,0
344,461,271,95,0
350,461,271,93,0
357,461,271,91,0
362,461,271,89,0
367,461,271,87,0
373,461,271,85,0
378,461,271,83,0
384,461,271,81,0
375,461,271,79,1
367,461,271,77,0
360,461,271,75,0
354,461,271,73,0
349,461,271,71,0
345,461,271,69,0
342,461,271,67,0
340,461,271,65,0
339,461,271,63,0
339,461,271,61,0
340,461,271,59,0
342,461,271,57,0
345,461,271,55,0
349,461,271,53,0
354,461,271,51,0
360,461,271,49,0
367,461,271,47,0
372,461,271,45,0
377,461,271,43,0
383,461,271,41,0
374,461,271,39,1
366,461,271,37,0
359,461,271,35,0
353,461,271,33,0
348,461,271,31,0
344,461,271,29,0
341,461,271,27,0
339,461,271,25,0
338,461,271,23,0
338,461,271,21,0
339,461,271,19,0
341,461,271,17,0
344,461,271,15,0
348,461,271,13,0
353,461,271,11,0
359,461,271,9,0
366,461,271,7,0
371,461,271,5,0
376,461,271,3,0
367,461,271,1,1
359,461,271,0,0
352,461,271,0,0
346,461,271,0,0
341,461,271,0,0
337,461,271,0,0
334,461,271,0,0
332,461,271,0,0
331,461,271,0,0
331,461,271,0,0
332,461,271,0,0
334,461,271,0,0
337,461,271,0,0
341,461,271,0,0
346,461,271,0,0
352,461,271,0,0
359,461,271,0,0
364,461,271,0,0
355,461,271,0,1
347,461,271,0,0
340,461,271,0,0
334,461,271,0,0
329,461,271,0,0
325,461,271,0,0
322,461,271,0,0
320,461,271,0,0
319,461,271,0,0
319,461,271,0,0
320,461,271,0,0
322,461,271,0,0
325,461,271,0,0
329,461,271,0,0
334,461,271,0,0
340,461,271,0,0
347,461,271,0,0
352,461,271,0,0
357,461,271,0,0
362,461,271,0,0
368,461,271,0,0
374,461,271,0,0
380,461,271,0,0
386,461,271,0,0
392,461,271,0,0
399,461,271,0,0
406,461,271,0,0
413,461,271,0,0
420,461,271,0,0
427,461,271,0,0
435,461,271,0,0
443,461,271,0,0
451,461,271,0,0
459,461,271,0,0
467,461,271,0,0
476,461,271,0,0
485,461,271,0,0
494,461,271,0,0
503,461,271,0,0
512,461,271,0,0
522,461,271,0,0
532,461,271,0,0
542,461,271,0,0
533,461,271,0,1
525,461,271,0,0
518,461,271,0,0
512,461,271,0,0
507,461,271,0,0
503,461,271,0,0
500,461,271,0,0
498,461,271,0,0
497,461,271,0,0
497,461,271,0,0
498,461,271,0,0
500,461,271,0,0
503,461,271,0,0
507,607,417,85,0
512,607,417,83,0
518,607,417,81,0
525,607,417,79,0
530,607,417,77,0
535,607,417,75,0
540,607,417,73,0
531,607,417,71,1
523,607,417,69,0
516,607,417,67,0
510,607,417,65,0
505,607,417,63,0
501,607,417,61,0
498,607,417,59,0
496,607,417,57,0
495,607,417,55,0
495,607,417,53,0
496,607,417,51,0
498,607,417,49,0
501,607,417,47,0
505,607,417,45,0
510,607,417,43,0
516,607,417,41,0
523,607,417,39,0
528,607,417,37,0
534,607,417,35,0
525,607,417,33,1
517,607,417,31,0
510,607,417,29,0
504,607,417,27,0
499,607,417,25,0
495,607,417,23,0
492,607,417,21,0
490,607,417,19,0
489,607,417,17,0
489,607,417,15,0
490,607,417,13,0
492,607,417,11,0
495,607,417,9,0
499,607,417,7,0
504,607,417,5,0
510,607,417,3,0
517,607,417,1,0
522,607,417,0,0
513,607,417,0,1
505,607,417,0,0
498,607,417,0,0
492,607,417,0,0
487,607,417,0,0
483,607,417,0,0
480,607,417,0,0
478,607,417,0,0
477,607,417,0,0
477,607,417,0,0
478,607,417,0,0
480,607,417,0,0
483,607,417,0,0
487,607,417,0,0
492,607,417,0,0
498,607,417,0,0
505,607,417,0,0
510,607,417,0,0
515,607,417,0,0
520,607,417,0,0
526,607,417,0,0
532,607,417,0,0
523,607,417,0,1
515,607,417,0,0
508,607,417,0,0
502,607,417,0,0
497,607,417,0,0
493,607,417,0,0
490,607,417,0,0
488,607,417,0,0
487,607,417,0,0
487,607,417,0,0
488,607,417,0,0
490,607,417,0,0
493,607,417,0,0
497,607,417,0,0
502,607,417,0,0
508,607,417,0,0
515,607,417,0,0
520,607,417,0,0
525,607,417,0,0
530,607,417,0,0
521,607,417,0,1
513,607,417,0,0
506,607,417,0,0
500,607,417,0,0
495,607,417,0,0
491,607,417,0,0
488,607,417,0,0
486,607,417,0,0
485,607,417,0,0
485,607,417,0,0
486,607,417,0,0
488,607,417,0,0
491,607,417,0,0
495,607,417,0,0
486,607,417,0,1
478,607,417,0,0
471,607,417,0,0
465,607,417,0,0
460,607,417,0,0
456,607,417,0,0
453,607,417,0,0
451,607,417,0,0
450,607,417,0,0
450,607,417,0,0
451,607,417,0,0
453,607,417,0,0
456,607,417,0,0
460,607,417,0,0
451,607,417,0,1
443,607,417,0,0
436,534,344,103,0
430,534,344,101,0
425,534,344,99,0
421,534,344,97,0
418,534,344,95,0
416,534,344,93,0
415,534,344,91,0
415,534,344,89,0
416,534,344,87,0
418,534,344,85,0
421,534,344,83,0
425,534,344,81,0
430,534,344,79,0
436,534,344,77,0
443,534,344,75,0
448,534,344,73,0
439,534,344,71,1
431,534,344,69,0
424,534,344,67,0
418,534,344,65,0
413,534,344,63,0
409,534,344,61,0
406,534,344,59,0
404,534,344,57,0
403,534,344,55,0
403,534,344,53,0
404,534,344,51,0
406,534,344,49,0
409,534,344,47,0
413,534,344,45,0
418,534,344,43,0
424,534,344,41,0
431,534,344,39,0
436,534,344,37,0
441,534,344,35,0
447,534,344,33,0
452,534,344,31,0
443,534,344,29,1
435,534,344,27,0
428,534,344,25,0
422,534,344,23,0
417,534,344,21,0
413,534,344,19,0
410,534,344,17,0
408,534,344,15,0
407,534,344,13,0
407,534,344,11,0
408,534,344,9,0
410,534,344,7,0
413,534,344,5,0
417,534,344,3,0
422,534,344,1,0
428,534,344,0,0
435,534,344,0,0
440,534,344,0,0
446,534,344,0,0
451,534,344,0,0
442,534,344,0,1
434,534,344,0,0
427,534,344,0,0
421,534,344,0,0
416,534,344,0,0
412,534,344,0,0
409,534,344,0,0
407,534,344,0,0
406,534,344,0,0
406,534,344,0,0
407,534,344,0,0
409,534,344,0,0
412,534,344,0,0
416,534,344,0,0
421,534,344,0,0
427,534,344,0,0
434,534,344,0,0
439,534,344,0,0
444,534,344,0,0
450,534,344,0,0
455,534,344,0,0
461,534,344,0,0
452,534,344,0,1
444,534,344,0,0
437,534,344,0,0
431,534,344,0,0
426,534,344,0,0
422,534,344,0,0
419,534,344,0,0
417,534,344,0,0
416,534,344,0,0
416,534,344,0,0
417,534,344,0,0
419,534,344,0,0
422,534,344,0,0
426,534,344,0,0
431,534,344,0,0
437,534,344,0,0
444,534,344,0,0
449,534,344,0,0
440,534,344,0,1
432,534,344,0,0
425,534,344,0,0
419,534,344,0,0
414,534,344,0,0
410,534,344,0,0
407,534,344,0,0
405,534,344,0,0
404,534,344,0,0
404,534,344,0,0
405,534,344,0,0
407,534,344,0,0
410,534,344,0,0
414,534,344,0,0
419,534,344,0,0
410,534,344,0,1
402,534,344,0,0
395,534,344,0,0
389,534,344,0,0
384,534,344,0,0
380,534,344,0,0
377,534,344,0,0
375,534,344,0,0
374,534,344,0,0
374,534,344,0,0
375,534,344,0,0
377,534,344,0,0
380,534,344,0,0
384,474,284,85,0
389,474,284,83,0
395,474,284,81,0
402,474,284,79,0
407,474,284,77,0
412,474,284,75,0
403,474,284,73,1
395,474,284,71,0
388,474,284,69,0
382,474,284,67,0
377,474,284,65,0
373,474,284,63,0
370,474,284,61,0
368,474,284,59,0
367,474,284,57,0
367,474,284,55,0
368,474,284,53,0
370,474,284,51,0
373,474,284,49,0
377,474,284,47,0
382,474,284,45,0
388,474,284,43,0
395,474,284,41,0
400,474,284,39,0
405,474,284,37,0
396,474,284,35,1
388,474,284,33,0
381,474,284,31,0
375,474,284,29,0
370,474,284,27,0
366,474,284,25,0
363,474,284,23,0
361,474,284,21,0
360,474,284,19,0
360,474,284,17,0
361,474,284,15,0
363,474,284,13,0
366,474,284,11,0
370,474,284,9,0
375,474,284,7,0
381,474,284,5,0
388,474,284,3,0
393,474,284,1,0
399,474,284,0,0
404,474,284,0,0
395,474,284,0,1
387,474,284,0,0
380,474,284,0,0
374,474,284,0,0
369,474,284,0,0
365,474,284,0,0
362,474,284,0,0
360,474,284,0,0
359,474,284,0,0
359,474,284,0,0
360,474,284,0,0
362,474,284,0,0
365,474,284,0,0
369,474,284,0,0
374,474,284,0,0
380,474,284,0,0
387,474,284,0,0
392,474,284,0,0
397,474,284,0,0
403,474,284,0,0
408,474,284,0,0
414,474,284,0,0
405,474,284,0,1
397,474,284,0,0
390,474,284,0,0
384,474,284,0,0
379,474,284,0,0
375,474,284,0,0
372,474,284,0,0
370,474,284,0,0
369,474,284,0,0
369,474,284,0,0
370,474,284,0,0
372,474,284,0,0
375,474,284,0,0
379,474,284,0,0
384,474,284,0,0
390,474,284,0,0
397,474,284,0,0
402,474,284,0,0
407,474,284,0,0
398,474,284,0,1
390,474,284,0,0
383,474,284,0,0
377,474,284,0,0
372,474,284,0,0
368,474,284,0,0
365,474,284,0,0
363,474,284,0,0
362,474,284,0,0
362,474,284,0,0
363,474,284,0,0
365,474,284,0,0
368,474,284,0,0
372,474,284,0,0
377,474,284,0,0
383,474,284,0,0
390,474,284,0,0
395,474,284,0,0
400,474,284,0,0
406,474,284,0,0
411,474,284,0,0
417,474,284,0,0
423,474,284,0,0
429,474,284,0,0
436,474,284,0,0
442,474,284,0,0
449,474,284,0,0
456,474,284,0,0
463,474,284,0,0
471,474,284,0,0
478,568,378,103,0
486,568,378,101,0
494,568,378,99,0
502,568,378,97,0
511,568,378,95,0
519,568,378,93,0
528,568,378,91,0
519,568,378,89,1
511,568,378,87,0
504,568,378,85,0
498,568,378,83,0
493,568,378,81,0
489,568,378,79,0
486,568,378,77,0
484,568,378,75,0
483,568,378,73,0
483,568,378,71,0
484,568,378,69,0
486,568,378,67,0
489,568,378,65,0
493,568,378,63,0
498,568,378,61,0
504,568,378,59,0
511,568,378,57,0
516,568,378,55,0
521,568,378,53,0
512,568,378,51,1
504,568,378,49,0
497,568,378,47,0
491,568,378,45,0
486,568,378,43,0
482,568,378,41,0
479,568,378,39,0
477,568,378,37,0
476,568,378,35,0
476,568,378,33,0
477,568,378,31,0
479,568,378,29,0
482,568,378,27,0
486,568,378,25,0
491,568,378,23,0
497,568,378,21,0
504,568,378,19,0
495,568,378,17,1
487,568,378,15,0
480,568,378,13,0
474,568,378,11,0
469,568,378,9,0
465,568,378,7,0
462,568,378,5,0
460,568,378,3,0
459,568,378,1,0
459,568,378,0,0
460,568,378,0,0
462,568,378,0,0
465,568,378,0,0
469,568,378,0,0
474,568,378,0,0
480,568,378,0,0
471,568,378,0,1
463,568,378,0,0
456,568,378,0,0
450,568,378,0,0
445,568,378,0,0
441,568,378,0,0
438,568,378,0,0
436,568,378,0,0
435,568,378,0,0
435,568,378,0,0
436,568,378,0,0
438,568,378,0,0
441,568,378,0,0
445,568,378,0,0
450,568,378,0,0
456,568,378,0,0
463,568,378,0,0
468,568,378,0,0
474,568,378,0,0
479,568,378,0,0
485,568,378,0,0
490,568,378,0,0
496,568,378,0,0
503,568,378,0,0
494,568,378,0,1
486,568,378,0,0
479,568,378,0,0
473,568,378,0,0
468,568,378,0,0
464,568,378,0,0
461,568,378,0,0
459,568,378,0,0
458,568,378,0,0
458,568,378,0,0
459,568,378,0,0
461,568,378,0,0
464,568,378,0,0
468,568,378,0,0
473,568,378,0,0
479,568,378,0,0
486,568,378,0,0
477,568,378,0,1
469,568,378,0,0
462,568,378,0,0
456,568,378,0,0
451,568,378,0,0
447,568,378,0,0
444,568,378,0,0
442,568,378,0,0
441,568,378,0,0
441,568,378,0,0
442,568,378,0,0
444,568,378,0,0
447,568,378,0,0
451,568,378,0,0
456,568,378,0,0
462,568,378,0,0
453,568,378,0,1
445,568,378,0,0
438,568,378,0,0
432,568,378,0,0
427,568,378,0,0
423,568,378,0,0
420,568,378,0,0
418,568,378,0,0
417,568,378,0,0
417,522,332,85,0
418,522,332,83,0
420,522,332,81,0
423,522,332,79,0
427,522,332,77,0
432,522,332,75,0
423,522,332,73,1
415,522,332,71,0
408,522,332,69,0
402,522,332,67,0
397,522,332,65,0
393,522,332,63,0
390,522,332,61,0
388,522,332,59,0
387,522,332,57,0
387,522,332,55,0
388,522,332,53,0
390,522,332,51,0
393,522,332,49,0
397,522,332,47,0
402,522,332,45,0
408,522,332,43,0
415,522,332,41,0
420,522,332,39,0
425,522,332,37,0
430,522,332,35,0
436,522,332,33,0
427,522,332,31,1
419,522,332,29,0
412,522,332,27,0
406,522,332,25,0
401,522,332,23,0
397,522,332,21,0
394,522,332,19,0
392,522,332,17,0
391,522,332,15,0
391,522,332,13,0
392,522,332,11,0
394,522,332,9,0
397,522,332,7,0
401,522,332,5,0
406,522,332,3,0
397,522,332,1,1
389,522,332,0,0
382,522,332,0,0
376,522,332,0,0
371,522,332,0,0
367,522,332,0,0
364,522,332,0,0
362,522,332,0,0
361,522,332,0,0
361,522,332,0,0
362,522,332,0,0
364,522,332,0,0
367,522,332,0,0
371,522,332,0,0
376,522,332,0,0
382,522,332,0,0
389,522,332,0,0
394,522,332,0,0
399,522,332,0,0
404,522,332,0,0
410,522,332,0,0
416,522,332,0,0
407,522,332,0,1
399,522,332,0,0
392,522,332,0,0
386,522,332,0,0
381,522,332,0,0
377,522,332,0,0
374,522,332,0,0
372,522,332,0,0
371,522,332,0,0
371,522,332,0,0
372,522,332,0,0
374,522,332,0,0
377,522,332,0,0
381,522,332,0,0
386,522,332,0,0
392,522,332,0,0
399,522,332,0,0
404,522,332,0,0
409,522,332,0,0
414,522,332,0,0
420,522,332,0,0
426,522,332,0,0
432,522,332,0,0
438,522,332,0,0
444,522,332,0,0
451,522,332,0,0
442,522,332,0,1
434,522,332,0,0
427,522,332,0,0
421,522,332,0,0
416,522,332,0,0
412,522,332,0,0
409,522,332,0,0
407,522,332,0,0
406,522,332,0,0
406,522,332,0,0
407,522,332,0,0
409,522,332,0,0
412,522,332,0,0
416,522,332,0,0
421,522,332,0,0
427,522,332,0,0
434,522,332,0,0
439,522,332,0,0
430,522,332,0,1
422,522,332,0,0
415,522,332,0,0
409,522,332,0,0
404,522,332,0,0
400,522,332,0,0
397,522,332,0,0
395,522,332,0,0
394,572,382,103,0
394,572,382,101,0
395,572,382,99,0
397,572,382,97,0
400,572,382,95,0
404,572,382,93,0
409,572,382,91,0
415,572,382,89,0
422,572,382,87,0
427,572,382,85,0
432,572,382,83,0
438,572,382,81,0
443,572,382,79,0
449,572,382,77,0
455,572,382,75,0
461,572,382,73,0
468,572,382,71,0
474,572,382,69,0
481,572,382,67,0
488,572,382,65,0
495,572,382,63,0
503,572,382,61,0
510,572,382,59,0
501,572,382,57,1
493,572,382,55,0
486,572,382,53,0
480,572,382,51,0
475,572,382,49,0
471,572,382,47,0
468,572,382,45,0
466,572,382,43,0
465,572,382,41,0
465,572,382,39,0
466,572,382,37,0
468,572,382,35,0
471,572,382,33,0
475,572,382,31,0
480,572,382,29,0
486,572,382,27,0
493,572,382,25,0
498,572,382,23,0
503,572,382,21,0
509,572,382,19,0
514,572,382,17,0
505,572,382,15,1
497,572,382,13,0
490,572,382,11,0
484,572,382,9,0
479,572,382,7,0
475,572,382,5,0
472,572,382,3,0
470,572,382,1,0
469,572,382,0,0
469,572,382,0,0
470,572,382,0,0
472,572,382,0,0
475,572,382,0,0
479,572,382,0,0
484,572,382,0,0
490,572,382,0,0
497,572,382,0,0
502,572,382,0,0
508,572,382,0,0
499,572,382,0,1
491,572,382,0,0
484,572,382,0,0
478,572,382,0,0
473,572,382,0,0
469,572,382,0,0
466,572,382,0,0
464,572,382,0,0
463,572,382,0,0
463,572,382,0,0
464,572,382,0,0
466,572,382,0,0
469,572,382,0,0
473,572,382,0,0
478,572,382,0,0
484,572,382,0,0
491,572,382,0,0
496,572,382,0,0
501,572,382,0,0
506,572,382,0,0
512,572,382,0,0
518,572,382,0,0
509,572,382,0,1
501,572,382,0,0
494,572,382,0,0
488,572,382,0,0
483,572,382,0,0
479,572,382,0,0
476,572,382,0,0
474,572,382,0,0
473,572,382,0,0
473,572,382,0,0
474,572,382,0,0
476,572,382,0,0
479,572,382,0,0
483,572,382,0,0
488,572,382,0,0
494,572,382,0,0
501,572,382,0,0
506,572,382,0,0
497,572,382,0,1
489,572,382,0,0
482,572,382,0,0
476,572,382,0,0
471,572,382,0,0
467,572,382,0,0
464,572,382,0,0
462,572,382,0,0
461,572,382,0,0
461,572,382,0,0
462,572,382,0,0
464,572,382,0,0
467,572,382,0,0
471,572,382,0,0
476,572,382,0,0
482,572,382,0,0
489,572,382,0,0
494,572,382,0,0
499,572,382,0,0
504,572,382,0,0
510,572,382,0,0
516,572,382,0,0
522,618,428,85,0
528,618,428,83,0
534,618,428,81,0
541,618,428,79,0
548,618,428,77,0
555,618,428,75,0
546,618,428,73,1
538,618,428,71,0
531,618,428,69,0
525,618,428,67,0
520,618,428,65,0
516,618,428,63,0
513,618,428,61,0
511,618,428,59,0
510,618,428,57,0
510,618,428,55,0
511,618,428,53,0
513,618,428,51,0
516,618,428,49,0
520,618,428,47,0
525,618,428,45,0
531,618,428,43,0
538,618,428,41,0
543,618,428,39,0
548,618,428,37,0
553,618,428,35,0
559,618,428,33,0
565,618,428,31,0
556,618,428,29,1
548,618,428,27,0
541,618,428,25,0
535,618,428,23,0
530,618,428,21,0
526,618,428,19,0
523,618,428,17,0
521,618,428,15,0
520,618,428,13,0
520,618,428,11,0
521,618,428,9,0
523,618,428,7,0
526,618,428,5,0
530,618,428,3,0
535,618,428,1,0
541,618,428,0,0
548,618,428,0,0
553,618,428,0,0
558,618,428,0,0
563,618,428,0,0
554,618,428,0,1
546,618,428,0,0
539,618,428,0,0
533,618,428,0,0
528,618,428,0,0
524,618,428,0,0
521,618,428,0,0
519,618,428,0,0
518,618,428,0,0
518,618,428,0,0
519,618,428,0,0
521,618,428,0,0
524,618,428,0,0
528,618,428,0,0
533,618,428,0,0
524,618,428,0,1
516,618,428,0,0
509,618,428,0,0
503,618,428,0,0
498,618,428,0,0
494,618,428,0,0
491,618,428,0,0
489,618,428,0,0
488,618,428,0,0
488,618,428,0,0
489,618,428,0,0
491,618,428,0,0
494,618,428,0,0
498,618,428,0,0
503,618,428,0,0
509,618,428,0,0
516,618,428,0,0
507,618,428,0,1
499,618,428,0,0
492,618,428,0,0
486,618,428,0,0
481,618,428,0,0
477,618,428,0,0
474,618,428,0,0
472,618,428,0,0
471,618,428,0,0
471,618,428,0,0
472,618,428,0,0
474,618,428,0,0
477,618,428,0,0
481,618,428,0,0
486,618,428,0,0
492,618,428,0,0
499,618,428,0,0
504,618,428,0,0
509,618,428,0,0
515,618,428,0,0
520,618,428,0,0
526,618,428,0,0
532,618,428,0,0
538,618,428,0,0
545,618,428,0,0
551,618,428,0,0
558,618,428,0,0
565,618,428,0,0
556,618,428,0,1
548,618,428,0,0
541,618,428,0,0
535,618,428,0,0
530,618,428,0,0
526,618,428,0,0
523,618,428,0,0
521,618,428,0,0
520,605,415,103,0
520,605,415,101,0
521,605,415,99,0
523,605,415,97,0
526,605,415,95,0
530,605,415,93,0
535,605,415,91,0
526,605,415,89,1
518,605,415,87,0
511,605,415,85,0
505,605,415,83,0
500,605,415,81,0
496,605,415,79,0
493,605,415,77,0
491,605,415,75,0
490,605,415,73,0
490,605,415,71,0
491,605,415,69,0
493,605,415,67,0
496,605,415,65,0
500,605,415,63,0
505,605,415,61,0
511,605,415,59,0
518,605,415,57,0
523,605,415,55,0
514,605,415,53,1
506,605,415,51,0
499,605,415,49,0
493,605,415,47,0
488,605,415,45,0
484,605,415,43,0
481,605,415,41,0
479,605,415,39,0
478,605,415,37,0
478,605,415,35,0
479,605,415,33,0
481,605,415,31,0
484,605,415,29,0
488,605,415,27,0
493,605,415,25,0
499,605,415,23,0
506,605,415,21,0
511,605,415,19,0
516,605,415,17,0
507,605,415,15,1
499,605,415,13,0
492,605,415,11,0
486,605,415,9,0
481,605,415,7,0
477,605,415,5,0
474,605,415,3,0
472,605,415,1,0
471,605,415,0,0
471,605,415,0,0
472,605,415,0,0
474,605,415,0,0
477,605,415,0,0
481,605,415,0,0
486,605,415,0,0
492,605,415,0,0
499,605,415,0,0
504,605,415,0,0
510,605,415,0,0
515,605,415,0,0
521,605,415,0,0
512,605,415,0,1
504,605,415,0,0
497,605,415,0,0
491,605,415,0,0
486,605,415,0,0
482,605,415,0,0
479,605,415,0,0
477,605,415,0,0
476,605,415,0,0
476,605,415,0,0
477,605,415,0,0
479,605,415,0,0
482,605,415,0,0
486,605,415,0,0
491,605,415,0,0
497,605,415,0,0
504,605,415,0,0
509,605,415,0,0
514,605,415,0,0
505,605,415,0,1
497,605,415,0,0
490,605,415,0,0
484,605,415,0,0
479,605,415,0,0
475,605,415,0,0
472,605,415,0,0
470,605,415,0,0
469,605,415,0,0
469,605,415,0,0
470,605,415,0,0
472,605,415,0,0
475,605,415,0,0
479,605,415,0,0
484,605,415,0,0
475,605,415,0,1
467,605,415,0,0
460,605,415,0,0
454,605,415,0,0
449,605,415,0,0
445,605,415,0,0
442,605,415,0,0
440,605,415,0,0
439,605,415,0,0
439,605,415,0,0
440,605,415,0,0
442,605,415,0,0
445,605,415,0,0
449,605,415,0,0
454,605,415,0,0
460,605,415,0,0
467,605,415,0,0
472,605,415,0,0
477,605,415,0,0
482,605,415,0,0
488,605,415,0,0
494,605,415,0,0
500,605,415,0,0
506,605,415,0,0
512,605,415,0,0
519,605,415,0,0
526,606,416,85,0
533,606,416,83,0
524,606,416,81,1
516,606,416,79,0
509,606,416,77,0
503,606,416,75,0
498,606,416,73,0
494,606,416,71,0
491,606,416,69,0
489,606,416,67,0
488,606,416,65,0
488,606,416,63,0
489,606,416,61,0
491,606,416,59,0
494,606,416,57,0
485,606,416,55,1
477,606,416,53,0
470,606,416,51,0
464,606,416,49,0
459,606,416,47,0
455,606,416,45,0
452,606,416,43,0
450,606,416,41,0
449,606,416,39,0
449,606,416,37,0
450,606,416,35,0
452,606,416,33,0
455,606,416,31,0
459,606,416,29,0
464,606,416,27,0
470,606,416,25,0
477,606,416,23,0
482,606,416,21,0
487,606,416,19,0
492,606,416,17,0
483,606,416,15,1
475,606,416,13,0
468,606,416,11,0
462,606,416,9,0
457,606,416,7,0
453,606,416,5,0
450,606,416,3,0
448,606,416,1,0
447,606,416,0,0
447,606,416,0,0
448,606,416,0,0
450,606,416,0,0
453,606,416,0,0
457,606,416,0,0
462,606,416,0,0
468,606,416,0,0
475,606,416,0,0
480,606,416,0,0
486,606,416,0,0
491,606,416,0,0
497,606,416,0,0
502,606,416,0,0
508,606,416,0,0
515,606,416,0,0
521,606,416,0,0
512,606,416,0,1
504,606,416,0,0
497,606,416,0,0
491,606,416,0,0
486,606,416,0,0
482,606,416,0,0
479,606,416,0,0
477,606,416,0,0
476,606,416,0,0
476,606,416,0,0
477,606,416,0,0
479,606,416,0,0
482,606,416,0,0
486,606,416,0,0
491,606,416,0,0
497,606,416,0,0
504,606,416,0,0
509,606,416,0,0
500,606,416,0,1
492,606,416,0,0
485,606,416,0,0
479,606,416,0,0
474,606,416,0,0
470,606,416,0,0
467,606,416,0,0
465,606,416,0,0
464,606,416,0,0
464,606,416,0,0
465,606,416,0,0
467,606,416,0,0
470,606,416,0,0
474,606,416,0,0
479,606,416,0,0
470,606,416,0,1
462,606,416,0,0
455,606,416,0,0
449,606,416,0,0
444,606,416,0,0
440,606,416,0,0
437,606,416,0,0
435,606,416,0,0
434,606,416,0,0
434,606,416,0,0
435,606,416,0,0
437,606,416,0,0
440,606,416,0,0
444,606,416,0,0
449,606,416,0,0
455,606,416,0,0
446,606,416,0,1
438,606,416,0,0
431,606,416,0,0
425,606,416,0,0
420,606,416,0,0
416,606,416,0,0
413,606,416,0,0
411,496,306,103,0
410,496,306,101,0
410,496,306,99,0
411,496,306,97,0
413,496,306,95,0
416,496,306,93,0
420,496,306,91,0
425,496,306,89,0
416,496,306,87,1
408,496,306,85,0
401,496,306,83,0
395,496,306,81,0
390,496,306,79,0
386,496,306,77,0
383,496,306,75,0
381,496,306,73,0
380,496,306,71,0
380,496,306,69,0
381,496,306,67,0
383,496,306,65,0
386,496,306,63,0
390,496,306,61,0
395,496,306,59,0
401,496,306,57,0
408,496,306,55,0
413,496,306,53,0
418,496,306,51,0
424,496,306,49,0
429,496,306,47,0
435,496,306,45,0
441,496,306,43,0
